"TOA5","Buchillon","CR6","2688","CR6.Std.03","CPU:buchillon_v2_1.CR6","10245","LoggerSensor"
"TIMESTAMP","RECORD","BattV_Avg","BattV_Min","PTemp_C_Avg","CDM1BattV_Avg","CDM1PTempC1_Avg","CDM1PTempC2_Avg","WaterTemp0mKT15a_Avg","WaterTemp0mKT15n_Avg"
"TS","RN","Volts","Volts","Deg C","Volts","Deg C","Deg C","Deg C","Deg C"
"","","Avg","Min","Avg","Avg","Avg","Avg","Avg","Avg"
"2016-10-01 00:00:00",1116,12.35,12.25,18.13,12.26,18.15,18.28,18.63,18.67
"2016-10-01 01:00:00",1117,12.35,12.25,19,12.26,18.94,19.08,18.65,18.69
"2016-10-01 02:00:00",1118,12.33,12.22,19.05,12.24,18.92,19.05,18.69,18.72
"2016-10-01 03:00:00",1119,12.3,12.21,19,12.23,18.85,18.99,18.66,18.69
"2016-10-01 04:00:00",1120,12.28,12.18,18.92,12.21,18.76,18.9,18.6,18.64
"2016-10-01 05:00:00",1121,12.27,12.18,18.64,12.18,18.46,18.6,18.77,18.81
"2016-10-01 06:00:00",1122,12.24,12.14,18.45,12.16,18.29,18.42,18.77,18.8
"2016-10-01 07:00:00",1123,12.23,12.1,18.23,12.13,18.06,18.2,18.65,18.69
"2016-10-01 08:00:00",1124,12.2,12.06,18.11,12.11,17.96,18.1,18.51,18.55
"2016-10-01 09:00:00",1125,12.38,12.11,18.14,12.3,18.03,18.17,18.4,18.44
"2016-10-01 10:00:00",1126,12.82,12.61,18.2,12.73,18.12,18.26,18.6,18.63
"2016-10-01 11:00:00",1127,12.98,12.8,18.26,12.89,18.21,18.35,18.75,18.78
"2016-10-01 12:00:00",1128,13.21,13.03,18.62,13.13,18.76,18.89,18.71,18.74
"2016-10-01 13:00:00",1129,13.05,12.79,18.89,12.96,18.93,19.08,18.81,18.84
"2016-10-01 14:00:00",1130,12.94,12.69,17.92,12.84,17.67,17.82,18.85,18.89
"2016-10-01 15:00:00",1131,12.87,12.65,17.06,12.78,16.84,16.99,18.87,18.91
"2016-10-01 16:00:00",1132,12.83,12.65,16.66,12.75,16.49,16.65,18.81,18.85
"2016-10-01 17:00:00",1133,13.02,12.69,16.52,12.93,16.4,16.55,18.82,18.86
"2016-10-01 18:00:00",1134,13.29,13.12,16.63,13.21,16.61,16.75,18.54,18.58
"2016-10-01 19:00:00",1135,12.95,12.46,16.93,12.86,16.96,17.09,18.55,18.59
"2016-10-01 20:00:00",1136,12.44,12.29,17.1,12.36,17.01,17.16,18.65,18.68
"2016-10-01 21:00:00",1137,12.38,12.28,17.25,12.3,17.15,17.29,18.66,18.7
"2016-10-01 22:00:00",1138,12.35,12.25,17.12,12.28,16.94,17.09,18.74,18.77
"2016-10-01 23:00:00",1139,12.35,12.25,17.01,12.26,16.86,17.01,18.6,18.63
"2016-10-02 00:00:00",1140,12.33,12.22,17.02,12.24,16.86,17.01,18.62,18.65
"2016-10-02 01:00:00",1141,12.29,12.21,16.71,12.22,16.49,16.64,18.54,18.57
"2016-10-02 02:00:00",1142,12.27,12.18,16.41,12.2,16.22,16.37,18.18,18.22
"2016-10-02 03:00:00",1143,12.24,12.14,16.41,12.17,16.26,16.41,18.51,18.55
"2016-10-02 04:00:00",1144,12.22,12.1,16.24,12.13,16.06,16.21,18.67,18.71
"2016-10-02 05:00:00",1145,12.18,12.06,16.12,12.1,15.97,16.12,18.48,18.52
"2016-10-02 06:00:00",1146,12.16,12.06,16.09,12.08,15.95,16.1,18.6,18.63
"2016-10-02 07:00:00",1147,12.15,12.06,15.94,12.07,15.77,15.92,18.44,18.47
"2016-10-02 08:00:00",1148,12.16,12.05,15.85,12.08,15.7,15.85,18.24,18.28
"2016-10-02 09:00:00",1149,12.82,12.11,16.01,12.74,15.99,16.14,17.87,17.91
"2016-10-02 10:00:00",1150,13.24,13.04,16.98,13.15,17.23,17.39,17.93,17.97
"2016-10-02 11:00:00",1151,13.24,13.11,17.48,13.16,17.6,17.75,18.27,18.3
"2016-10-02 12:00:00",1152,13.28,13.15,17.19,13.19,17.22,17.37,18.36,18.39
"2016-10-02 13:00:00",1153,13.29,13.16,17.35,13.19,17.45,17.6,18.32,18.36
"2016-10-02 14:00:00",1154,13.29,13.17,17.72,13.2,17.89,18.03,18.13,18.16
"2016-10-02 15:00:00",1155,13.29,13.16,18.09,13.19,18.21,18.35,18.18,18.21
"2016-10-02 16:00:00",1156,13.29,13.18,18.08,13.2,18.14,18.27,18.04,18.07
"2016-10-02 17:00:00",1157,13.29,13.19,18.26,13.21,18.34,18.46,17.82,17.85
"2016-10-02 18:00:00",1158,13.28,13.11,18.41,13.2,18.43,18.56,17.52,17.56
"2016-10-02 19:00:00",1159,12.99,12.55,18.03,12.91,17.89,18.03,17.52,17.56
"2016-10-02 20:00:00",1160,12.47,12.3,17.18,12.39,16.9,17.04,17.26,17.29
"2016-10-02 21:00:00",1161,12.38,12.29,16.08,12.31,15.76,15.9,17.04,17.07
"2016-10-02 22:00:00",1162,12.35,12.26,14.83,12.28,14.44,14.58,16.9,16.94
"2016-10-02 23:00:00",1163,12.35,12.25,13.5,12.26,13.1,13.25,16.78,16.82
"2016-10-03 00:00:00",1164,12.32,12.22,12.36,12.23,11.95,12.1,16.82,16.86
"2016-10-03 01:00:00",1165,12.29,12.19,11.05,12.22,10.62,10.77,16.71,16.75
"2016-10-03 02:00:00",1166,12.28,12.18,9.87,12.19,9.49,9.65,16.61,16.65
"2016-10-03 03:00:00",1167,12.25,12.15,9.29,12.17,9,9.16,16.68,16.73
"2016-10-03 04:00:00",1168,12.24,12.12,9.07,12.15,8.83,8.99,16.71,16.75
"2016-10-03 05:00:00",1169,12.21,12.09,8.89,12.12,8.67,8.83,16.94,16.99
"2016-10-03 06:00:00",1170,12.17,12.06,8.66,12.09,8.42,8.57,17.06,17.11
"2016-10-03 07:00:00",1171,12.14,12.03,8.28,12.05,8.05,8.21,17.12,17.16
"2016-10-03 08:00:00",1172,12.17,12.02,8.32,12.09,8.15,8.31,17.04,17.09
"2016-10-03 09:00:00",1173,13.32,12.85,10.28,13.24,10.53,10.72,16.97,17.01
"2016-10-03 10:00:00",1174,13.3,13.2,13.93,13.22,14.29,14.45,16.98,17.01
"2016-10-03 11:00:00",1175,13.29,13.19,15.48,13.22,15.67,15.82,17.15,17.18
"2016-10-03 12:00:00",1176,13.3,13.19,16.37,13.21,16.53,16.69,17.03,17.07
"2016-10-03 13:00:00",1177,13.29,13.19,17.03,13.21,17.18,17.33,17.17,17.2
"2016-10-03 14:00:00",1178,13.29,13.16,17.25,13.21,17.4,17.53,17.22,17.25
"2016-10-03 15:00:00",1179,13.29,13.19,17.21,13.21,17.3,17.43,17.52,17.55
"2016-10-03 16:00:00",1180,13.29,13.19,17.31,13.22,17.46,17.57,17.4,17.43
"2016-10-03 17:00:00",1181,13.3,13.2,17.67,13.22,17.85,17.95,17.21,17.24
"2016-10-03 18:00:00",1182,13.29,13.16,18.05,13.22,18.21,18.33,17.16,17.19
"2016-10-03 19:00:00",1183,12.95,12.53,18.12,12.86,18.16,18.3,16.98,17.01
"2016-10-03 20:00:00",1184,12.46,12.29,16.77,12.38,16.35,16.51,16.59,16.62
"2016-10-03 21:00:00",1185,12.37,12.26,14.58,12.3,14.08,14.23,16.84,16.88
"2016-10-03 22:00:00",1186,12.35,12.25,13.34,12.27,12.97,13.11,16.81,16.85
"2016-10-03 23:00:00",1187,12.34,12.25,12.91,12.25,12.67,12.82,16.64,16.68
"2016-10-04 00:00:00",1188,12.32,12.22,12.93,12.24,12.76,12.9,16.8,16.84
"2016-10-04 01:00:00",1189,12.29,12.21,12.81,12.22,12.62,12.77,16.54,16.58
"2016-10-04 02:00:00",1190,12.28,12.18,12.68,12.21,12.51,12.66,16.65,16.69
"2016-10-04 03:00:00",1191,12.27,12.18,12.6,12.19,12.45,12.59,16.68,16.72
"2016-10-04 04:00:00",1192,12.24,12.14,12.44,12.17,12.27,12.42,16.73,16.77
"2016-10-04 05:00:00",1193,12.22,12.1,12.11,12.14,11.93,12.07,16.65,16.68
"2016-10-04 06:00:00",1194,12.18,12.07,11.98,12.11,11.83,11.98,16.85,16.89
"2016-10-04 07:00:00",1195,12.14,12.03,11.82,12.07,11.66,11.81,16.78,16.81
"2016-10-04 08:00:00",1196,12.15,12.03,11.57,12.08,11.39,11.55,16.8,16.84
"2016-10-04 09:00:00",1197,13.24,12.57,12.27,13.17,12.36,12.52,16.83,16.86
"2016-10-04 10:00:00",1198,13.29,13.2,14.08,13.22,14.25,14.44,16.74,16.77
"2016-10-04 11:00:00",1199,13.29,13.19,15.31,13.22,15.36,15.54,16.77,16.8
"2016-10-04 12:00:00",1200,13.29,13.19,15.78,13.23,15.79,15.97,16.93,16.97
"2016-10-04 13:00:00",1201,13.3,13.19,16.1,13.23,16.08,16.26,16.98,17.02
"2016-10-04 14:00:00",1202,13.29,13.19,16.46,13.22,16.51,16.66,17.11,17.15
"2016-10-04 15:00:00",1203,13.3,13.2,16.55,13.23,16.62,16.74,17.2,17.23
"2016-10-04 16:00:00",1204,13.31,13.19,16.65,13.24,16.78,16.9,17.09,17.12
"2016-10-04 17:00:00",1205,13.31,13.2,17.04,13.23,17.25,17.35,17.01,17.05
"2016-10-04 18:00:00",1206,13.32,13.15,17.47,13.23,17.67,17.79,16.92,16.96
"2016-10-04 19:00:00",1207,12.98,12.51,17.44,12.89,17.45,17.59,16.87,16.9
"2016-10-04 20:00:00",1208,12.45,12.3,16.54,12.37,16.26,16.42,16.69,16.72
"2016-10-04 21:00:00",1209,12.37,12.27,15.58,12.3,15.32,15.47,16.83,16.87
"2016-10-04 22:00:00",1210,12.35,12.26,15,12.28,14.78,14.92,16.83,16.87
"2016-10-04 23:00:00",1211,12.33,12.23,14.45,12.26,14.22,14.36,16.79,16.83
"2016-10-05 00:00:00",1212,12.32,12.22,13.87,12.24,13.62,13.77,16.69,16.72
"2016-10-05 01:00:00",1213,12.3,12.19,13.34,12.23,13.1,13.25,16.64,16.68
"2016-10-05 02:00:00",1214,12.27,12.18,12.84,12.21,12.6,12.75,16.56,16.6
"2016-10-05 03:00:00",1215,12.26,12.15,12.46,12.19,12.25,12.4,16.57,16.61
"2016-10-05 04:00:00",1216,12.24,12.14,12.29,12.17,12.1,12.25,16.73,16.77
"2016-10-05 05:00:00",1217,12.22,12.11,12.03,12.14,11.83,11.99,16.62,16.65
"2016-10-05 06:00:00",1218,12.18,12.07,11.89,12.1,11.74,11.89,16.96,17
"2016-10-05 07:00:00",1219,12.15,12.05,12.2,12.06,12.1,12.25,17.18,17.22
"2016-10-05 08:00:00",1220,12.12,12.02,12.38,12.04,12.25,12.41,17.23,17.27
"2016-10-05 09:00:00",1221,12.13,12.03,12.32,12.04,12.16,12.32,17.16,17.2
"2016-10-05 10:00:00",1222,12.29,12.07,12.27,12.19,12.14,12.3,17.09,17.13
"2016-10-05 11:00:00",1223,12.72,12.37,12.49,12.62,12.47,12.63,17.17,17.21
"2016-10-05 12:00:00",1224,13.11,12.89,12.89,13,12.98,13.13,17.18,17.22
"2016-10-05 13:00:00",1225,13.29,13.16,13.37,13.19,13.55,13.69,17.29,17.32
"2016-10-05 14:00:00",1226,13.31,13.2,13.66,13.21,13.78,13.94,17.34,17.37
"2016-10-05 15:00:00",1227,13.34,13.23,13.67,13.23,13.69,13.84,17.31,17.35
"2016-10-05 16:00:00",1228,13.33,13.19,13.73,13.24,13.72,13.87,17.31,17.35
"2016-10-05 17:00:00",1229,13.34,13.15,13.65,13.25,13.59,13.74,17.15,17.19
"2016-10-05 18:00:00",1230,13.3,13.12,13.66,13.2,13.6,13.75,17.09,17.12
"2016-10-05 19:00:00",1231,13.01,12.54,13.44,12.92,13.41,13.55,16.55,16.58
"2016-10-05 20:00:00",1232,12.46,12.3,12.94,12.37,12.67,12.83,16.32,16.36
"2016-10-05 21:00:00",1233,12.37,12.26,11.67,12.29,11.33,11.49,16.28,16.32
"2016-10-05 22:00:00",1234,12.35,12.26,10.94,12.26,10.67,10.83,16.29,16.33
"2016-10-05 23:00:00",1235,12.32,12.21,10.4,12.24,10.14,10.3,16.34,16.38
"2016-10-06 00:00:00",1236,12.29,12.19,9.88,12.22,9.63,9.79,16.35,16.39
"2016-10-06 01:00:00",1237,12.28,12.17,9.37,12.2,9.12,9.27,16.03,16.07
"2016-10-06 02:00:00",1238,12.26,12.15,8.9,12.18,8.67,8.83,16.15,16.2
"2016-10-06 03:00:00",1239,12.24,12.12,8.7,12.16,8.49,8.65,16.4,16.44
"2016-10-06 04:00:00",1240,12.22,12.09,8.39,12.12,8.17,8.33,16.49,16.54
"2016-10-06 05:00:00",1241,12.17,12.06,8.16,12.08,7.954,8.12,16.78,16.83
"2016-10-06 06:00:00",1242,12.12,12.03,8.11,12.03,7.94,8.11,16.8,16.84
"2016-10-06 07:00:00",1243,12.08,11.99,8.1,12,7.916,8.08,16.83,16.87
"2016-10-06 08:00:00",1244,12.06,11.95,7.913,11.98,7.709,7.877,16.67,16.72
"2016-10-06 09:00:00",1245,12.11,11.95,7.684,12.03,7.484,7.656,16.7,16.75
"2016-10-06 10:00:00",1246,12.95,12.07,7.818,12.87,7.74,7.913,16.37,16.42
"2016-10-06 11:00:00",1247,13.34,13.12,8.28,13.24,8.34,8.51,16.65,16.69
"2016-10-06 12:00:00",1248,13.39,13.27,9.48,13.29,9.74,9.89,16.4,16.45
"2016-10-06 13:00:00",1249,13.37,13.27,11.05,13.28,11.32,11.48,16.26,16.3
"2016-10-06 14:00:00",1250,13.37,13.27,11.86,13.28,12.06,12.23,16.27,16.3
"2016-10-06 15:00:00",1251,13.39,13.27,11.63,13.29,11.67,11.84,16.33,16.37
"2016-10-06 16:00:00",1252,13.4,13.28,11.59,13.3,11.77,11.9,16.17,16.2
"2016-10-06 17:00:00",1253,13.38,13.27,12.11,13.29,12.43,12.54,16.2,16.24
"2016-10-06 18:00:00",1254,13.38,13.17,13.01,13.28,13.25,13.38,16.2,16.24
"2016-10-06 19:00:00",1255,13.03,12.51,13.06,12.94,13,13.16,15.93,15.96
"2016-10-06 20:00:00",1256,12.44,12.29,12.28,12.37,12.03,12.19,15.82,15.85
"2016-10-06 21:00:00",1257,12.37,12.26,11.46,12.29,11.19,11.35,15.84,15.88
"2016-10-06 22:00:00",1258,12.36,12.26,10.93,12.27,10.7,10.86,15.84,15.88
"2016-10-06 23:00:00",1259,12.33,12.23,10.63,12.25,10.44,10.6,15.92,15.96
"2016-10-07 00:00:00",1260,12.31,12.22,10.38,12.23,10.18,10.34,15.86,15.9
"2016-10-07 01:00:00",1261,12.28,12.19,10.03,12.21,9.82,9.98,15.62,15.66
"2016-10-07 02:00:00",1262,12.28,12.18,9.68,12.2,9.47,9.62,15.81,15.85
"2016-10-07 03:00:00",1263,12.25,12.14,9.35,12.18,9.14,9.3,15.72,15.76
"2016-10-07 04:00:00",1264,12.24,12.14,9.05,12.15,8.86,9.02,15.71,15.76
"2016-10-07 05:00:00",1265,12.21,12.08,8.9,12.12,8.74,8.9,15.68,15.72
"2016-10-07 06:00:00",1266,12.16,12.06,8.73,12.08,8.55,8.71,15.64,15.69
"2016-10-07 07:00:00",1267,12.11,12.02,8.81,12.03,8.71,8.87,16.02,16.07
"2016-10-07 08:00:00",1268,12.09,12.02,9.39,12,9.34,9.5,16.34,16.38
"2016-10-07 09:00:00",1269,12.11,11.98,9.74,12.03,9.68,9.84,16.2,16.25
"2016-10-07 10:00:00",1270,12.3,12.06,9.99,12.21,9.96,10.12,16.01,16.05
"2016-10-07 11:00:00",1271,12.74,12.37,10.35,12.66,10.41,10.56,16.13,16.17
"2016-10-07 12:00:00",1272,13.13,12.92,10.81,13.03,10.96,11.11,16.33,16.37
"2016-10-07 13:00:00",1273,13.32,13.15,11.32,13.24,11.57,11.71,16.24,16.28
"2016-10-07 14:00:00",1274,13.34,13.24,11.93,13.25,12.24,12.38,16.21,16.25
"2016-10-07 15:00:00",1275,13.34,13.24,12.65,13.26,12.98,13.11,16.13,16.17
"2016-10-07 16:00:00",1276,13.34,13.24,13.08,13.26,13.36,13.5,15.97,16.01
"2016-10-07 17:00:00",1277,13.35,13.24,13.35,13.26,13.61,13.74,15.89,15.92
"2016-10-07 18:00:00",1278,13.29,13,13.55,13.2,13.62,13.78,15.94,15.98
"2016-10-07 19:00:00",1279,12.74,12.37,13.35,12.65,13.26,13.42,15.97,16.01
"2016-10-07 20:00:00",1280,12.42,12.29,12.67,12.34,12.43,12.59,15.66,15.7
"2016-10-07 21:00:00",1281,12.37,12.26,12.1,12.29,11.9,12.05,15.94,15.97
"2016-10-07 22:00:00",1282,12.35,12.26,11.95,12.27,11.8,11.95,15.98,16.02
"2016-10-07 23:00:00",1283,12.35,12.22,11.92,12.26,11.78,11.93,15.99,16.03
"2016-10-08 00:00:00",1284,12.32,12.22,11.54,12.24,11.31,11.47,15.58,15.62
"2016-10-08 01:00:00",1285,12.29,12.21,10.84,12.22,10.58,10.73,15.59,15.63
"2016-10-08 02:00:00",1286,12.28,12.18,10.54,12.2,10.32,10.48,15.37,15.4
"2016-10-08 03:00:00",1287,12.26,12.14,10.43,12.18,10.26,10.42,15.59,15.63
"2016-10-08 04:00:00",1288,12.23,12.12,10.19,12.15,9.98,10.14,15.47,15.51
"2016-10-08 05:00:00",1289,12.2,12.06,9.7,12.11,9.46,9.61,15.22,15.25
"2016-10-08 06:00:00",1290,12.14,12.04,9.21,12.06,8.98,9.14,15.39,15.43
"2016-10-08 07:00:00",1291,12.11,12.03,8.98,12.02,8.77,8.93,15.06,15.1
"2016-10-08 08:00:00",1292,12.08,11.95,8.57,12,8.32,8.48,15.01,15.05
"2016-10-08 09:00:00",1293,12.24,12.03,8.37,12.16,8.21,8.38,15.58,15.63
"2016-10-08 10:00:00",1294,13.24,12.73,9.65,13.15,9.87,10.01,15.5,15.54
"2016-10-08 11:00:00",1295,13.33,13.24,11.75,13.24,12.31,12.43,15.2,15.24
"2016-10-08 12:00:00",1296,13.3,13.2,13.98,13.23,14.56,14.7,15.21,15.24
"2016-10-08 13:00:00",1297,13.31,13.17,14.67,13.23,15.03,15.16,15.76,15.79
"2016-10-08 14:00:00",1298,13.31,13.15,13.82,13.23,13.84,13.99,15.84,15.87
"2016-10-08 15:00:00",1299,13.34,13.24,13.75,13.26,13.86,14.02,15.91,15.95
"2016-10-08 16:00:00",1300,13.35,13.24,14.01,13.26,14.15,14.3,15.87,15.91
"2016-10-08 17:00:00",1301,13.33,13.12,13.99,13.24,13.96,14.11,16.01,16.05
"2016-10-08 18:00:00",1302,13.11,12.81,13.69,13.01,13.56,13.72,16.07,16.11
"2016-10-08 19:00:00",1303,12.64,12.36,13.38,12.56,13.22,13.37,15.97,16.01
"2016-10-08 20:00:00",1304,12.41,12.3,12.92,12.33,12.7,12.86,15.65,15.68
"2016-10-08 21:00:00",1305,12.37,12.26,12.44,12.29,12.23,12.38,15.71,15.75
"2016-10-08 22:00:00",1306,12.35,12.26,12.23,12.27,12.04,12.2,15.86,15.9
"2016-10-08 23:00:00",1307,12.34,12.23,11.93,12.25,11.72,11.88,15.31,15.35
"2016-10-09 00:00:00",1308,12.32,12.22,11.43,12.23,11.19,11.35,15.31,15.35
"2016-10-09 01:00:00",1309,12.29,12.22,10.92,12.22,10.67,10.83,15.25,15.29
"2016-10-09 02:00:00",1310,12.28,12.18,10.36,12.2,10.13,10.29,15.36,15.4
"2016-10-09 03:00:00",1311,12.27,12.17,10.5,12.19,10.36,10.51,15.22,15.26
"2016-10-09 04:00:00",1312,12.24,12.14,10.06,12.16,9.8,9.96,14.79,14.83
"2016-10-09 05:00:00",1313,12.22,12.1,9.44,12.13,9.19,9.34,14.83,14.87
"2016-10-09 06:00:00",1314,12.18,12.06,8.65,12.09,8.34,8.5,14.71,14.74
"2016-10-09 07:00:00",1315,12.13,12.03,8.18,12.05,7.957,8.11,14.96,15
"2016-10-09 08:00:00",1316,12.1,12.03,8.12,12.01,7.93,8.09,14.96,15
"2016-10-09 09:00:00",1317,12.85,12.03,8.43,12.76,8.42,8.6,14.71,14.76
"2016-10-09 10:00:00",1318,13.32,13.22,11.5,13.24,11.86,12.02,14.95,14.98
"2016-10-09 11:00:00",1319,13.33,13.24,13.19,13.24,13.39,13.56,15.09,15.12
"2016-10-09 12:00:00",1320,13.33,13.23,13.92,13.24,14.01,14.19,15.07,15.11
"2016-10-09 13:00:00",1321,13.33,13.23,14.32,13.25,14.34,14.52,15.46,15.49
"2016-10-09 14:00:00",1322,13.36,13.23,13.51,13.27,13.37,13.53,15.76,15.79
"2016-10-09 15:00:00",1323,13.37,13.26,13.03,13.28,12.95,13.11,15.72,15.75
"2016-10-09 16:00:00",1324,13.39,13.24,12.99,13.29,12.93,13.09,15.86,15.89
"2016-10-09 17:00:00",1325,13.4,13.27,13.16,13.29,13.23,13.36,15.57,15.6
"2016-10-09 18:00:00",1326,13.23,12.8,12.89,13.14,12.8,12.96,15.46,15.5
"2016-10-09 19:00:00",1327,12.62,12.34,12.11,12.54,11.88,12.05,15.68,15.72
"2016-10-09 20:00:00",1328,12.38,12.28,11.27,12.31,10.98,11.14,15.16,15.2
"2016-10-09 21:00:00",1329,12.36,12.26,10.31,12.27,9.97,10.12,14.9,14.94
"2016-10-09 22:00:00",1330,12.33,12.22,9.29,12.25,8.96,9.11,14.76,14.8
"2016-10-09 23:00:00",1331,12.3,12.22,8.49,12.23,8.18,8.34,14.94,14.98
"2016-10-10 00:00:00",1332,12.28,12.18,7.901,12.21,7.621,7.779,14.88,14.92
"2016-10-10 01:00:00",1333,12.28,12.15,7.477,12.19,7.241,7.4,14.6,14.64
"2016-10-10 02:00:00",1334,12.25,12.15,7.428,12.17,7.26,7.416,14.75,14.8
"2016-10-10 03:00:00",1335,12.24,12.15,7.503,12.16,7.366,7.521,14.74,14.78
"2016-10-10 04:00:00",1336,12.23,12.1,7.482,12.14,7.328,7.486,14.73,14.77
"2016-10-10 05:00:00",1337,12.2,12.07,7.178,12.11,6.977,7.137,14.55,14.6
"2016-10-10 06:00:00",1338,12.16,12.07,6.955,12.08,6.784,6.944,14.61,14.65
"2016-10-10 07:00:00",1339,12.12,12.03,6.93,12.04,6.79,6.949,14.67,14.71
"2016-10-10 08:00:00",1340,12.08,11.99,6.808,12,6.645,6.808,14.62,14.66
"2016-10-10 09:00:00",1341,12.6,12.03,6.765,12.51,6.686,6.854,14.51,14.55
"2016-10-10 10:00:00",1342,13.37,13.27,8.37,13.28,8.62,8.77,14.82,14.86
"2016-10-10 11:00:00",1343,13.39,13.24,8.99,13.29,9.16,9.32,15.1,15.14
"2016-10-10 12:00:00",1344,13.4,13.29,9.68,13.3,9.94,10.09,14.99,15.03
"2016-10-10 13:00:00",1345,13.39,13.28,10.83,13.3,11.03,11.19,14.9,14.94
"2016-10-10 14:00:00",1346,13.39,13.28,11.53,13.29,11.74,11.89,15.43,15.47
"2016-10-10 15:00:00",1347,13.4,13.28,11.74,13.29,11.94,12.08,15.28,15.32
"2016-10-10 16:00:00",1348,13.41,13.27,11.98,13.3,12.16,12.29,15.2,15.24
"2016-10-10 17:00:00",1349,13.41,13.28,12.38,13.3,12.56,12.69,14.93,14.97
"2016-10-10 18:00:00",1350,13.4,13.15,12.56,13.31,12.67,12.81,14.93,14.96
"2016-10-10 19:00:00",1351,12.82,12.38,11.96,12.73,11.77,11.94,14.54,14.57
"2016-10-10 20:00:00",1352,12.4,12.3,10.3,12.32,9.88,10.04,14.39,14.42
"2016-10-10 21:00:00",1353,12.36,12.26,8.96,12.27,8.59,8.74,14.42,14.46
"2016-10-10 22:00:00",1354,12.33,12.22,8.27,12.24,7.995,8.15,14.46,14.5
"2016-10-10 23:00:00",1355,12.3,12.22,8.06,12.23,7.851,8.01,14.48,14.52
"2016-10-11 00:00:00",1356,12.29,12.18,8.08,12.21,7.898,8.06,14.58,14.62
"2016-10-11 01:00:00",1357,12.28,12.18,8.27,12.2,8.14,8.3,14.51,14.55
"2016-10-11 02:00:00",1358,12.27,12.14,8.54,12.19,8.42,8.58,14.79,14.83
"2016-10-11 03:00:00",1359,12.25,12.14,8.59,12.17,8.44,8.6,14.83,14.87
"2016-10-11 04:00:00",1360,12.24,12.14,8.36,12.15,8.18,8.34,14.38,14.42
"2016-10-11 05:00:00",1361,12.22,12.11,8.3,12.13,8.16,8.32,14.79,14.83
"2016-10-11 06:00:00",1362,12.18,12.06,8.33,12.09,8.2,8.36,14.83,14.87
"2016-10-11 07:00:00",1363,12.13,12.03,8.39,12.05,8.25,8.41,14.71,14.75
"2016-10-11 08:00:00",1364,12.09,12.02,8.43,12.01,8.29,8.45,14.59,14.62
"2016-10-11 09:00:00",1365,12.25,12.01,8.4,12.17,8.27,8.44,14.88,14.92
"2016-10-11 10:00:00",1366,13.34,13.24,9.47,13.25,9.64,9.8,14.63,14.66
"2016-10-11 11:00:00",1367,13.35,13.25,10.63,13.26,10.82,10.99,14.61,14.65
"2016-10-11 12:00:00",1368,13.37,13.27,11.19,13.28,11.32,11.49,14.85,14.89
"2016-10-11 13:00:00",1369,13.36,13.27,12.08,13.28,12.2,12.37,14.6,14.63
"2016-10-11 14:00:00",1370,13.37,13.26,12.5,13.28,12.64,12.79,14.61,14.65
"2016-10-11 15:00:00",1371,13.37,13.24,12.55,13.28,12.63,12.77,14.77,14.8
"2016-10-11 16:00:00",1372,13.39,13.27,12.71,13.29,12.83,12.97,14.91,14.94
"2016-10-11 17:00:00",1373,13.4,13.27,12.75,13.3,12.83,12.96,14.71,14.74
"2016-10-11 18:00:00",1374,13.41,13.24,12.83,13.31,12.93,13.07,14.68,14.71
"2016-10-11 19:00:00",1375,13.01,12.47,12.73,12.92,12.66,12.83,14.68,14.72
"2016-10-11 20:00:00",1376,12.44,12.3,11.71,12.35,11.39,11.55,14.75,14.78
"2016-10-11 21:00:00",1377,12.37,12.27,10.63,12.28,10.3,10.45,14.42,14.46
"2016-10-11 22:00:00",1378,12.35,12.25,9.65,12.26,9.33,9.49,14.32,14.36
"2016-10-11 23:00:00",1379,12.31,12.22,9.02,12.24,8.76,8.91,14.3,14.34
"2016-10-12 00:00:00",1380,12.29,12.19,8.58,12.22,8.35,8.5,14.16,14.21
"2016-10-12 01:00:00",1381,12.28,12.18,8.3,12.2,8.11,8.26,14.37,14.41
"2016-10-12 02:00:00",1382,12.28,12.16,8.13,12.19,7.946,8.1,14.3,14.35
"2016-10-12 03:00:00",1383,12.24,12.14,7.919,12.17,7.729,7.887,14.24,14.28
"2016-10-12 04:00:00",1384,12.24,12.14,7.621,12.15,7.431,7.589,14.23,14.28
"2016-10-12 05:00:00",1385,12.22,12.09,7.452,12.13,7.279,7.437,14.19,14.23
"2016-10-12 06:00:00",1386,12.18,12.06,7.257,12.1,7.08,7.24,14.15,14.2
"2016-10-12 07:00:00",1387,12.14,12.02,6.936,12.06,6.729,6.891,14.08,14.12
"2016-10-12 08:00:00",1388,12.1,12.03,6.604,12.02,6.415,6.577,14.01,14.05
"2016-10-12 09:00:00",1389,12.81,12.03,6.691,12.72,6.607,6.779,14.23,14.27
"2016-10-12 10:00:00",1390,13.06,12.88,7.048,12.97,7.001,7.17,14.34,14.38
"2016-10-12 11:00:00",1391,13.4,13.31,8.12,13.3,8.32,8.48,14.25,14.28
"2016-10-12 12:00:00",1392,13.38,13.27,10.28,13.29,10.6,10.77,14.27,14.31
"2016-10-12 13:00:00",1393,13.38,13.27,11.3,13.29,11.57,11.77,14.33,14.37
"2016-10-12 14:00:00",1394,13.38,13.27,11.66,13.29,11.88,12.05,14.32,14.35
"2016-10-12 15:00:00",1395,13.4,13.28,11.53,13.3,11.7,11.84,14.45,14.49
"2016-10-12 16:00:00",1396,13.41,13.27,11.64,13.31,11.85,11.97,14.51,14.54
"2016-10-12 17:00:00",1397,13.41,13.28,12.07,13.31,12.29,12.41,14.45,14.49
"2016-10-12 18:00:00",1398,13.4,13.12,12.36,13.3,12.53,12.65,14.05,14.08
"2016-10-12 19:00:00",1399,12.9,12.42,11.91,12.81,11.77,11.94,13.71,13.74
"2016-10-12 20:00:00",1400,12.41,12.3,10.61,12.33,10.26,10.42,13.99,14.03
"2016-10-12 21:00:00",1401,12.36,12.26,9.66,12.28,9.37,9.53,14.21,14.25
"2016-10-12 22:00:00",1402,12.35,12.25,9.2,12.25,8.97,9.13,14.22,14.26
"2016-10-12 23:00:00",1403,12.31,12.22,8.96,12.23,8.77,8.92,14.23,14.27
"2016-10-13 00:00:00",1404,12.29,12.22,8.99,12.22,8.85,9.01,14.34,14.38
"2016-10-13 01:00:00",1405,12.28,12.19,9.13,12.21,9.01,9.16,14.36,14.41
"2016-10-13 02:00:00",1406,12.28,12.18,9.27,12.19,9.16,9.32,14.61,14.66
"2016-10-13 03:00:00",1407,12.26,12.15,9.41,12.18,9.29,9.45,14.68,14.72
"2016-10-13 04:00:00",1408,12.24,12.14,9.36,12.16,9.21,9.37,14.66,14.71
"2016-10-13 05:00:00",1409,12.23,12.1,9.19,12.14,9.03,9.19,14.57,14.61
"2016-10-13 06:00:00",1410,12.19,12.06,9.11,12.1,8.95,9.11,14.59,14.63
"2016-10-13 07:00:00",1411,12.14,12.03,9.12,12.06,8.98,9.14,14.6,14.64
"2016-10-13 08:00:00",1412,12.1,12.02,9.03,12.02,8.87,9.03,14.48,14.52
"2016-10-13 09:00:00",1413,12.1,11.99,8.9,12.02,8.74,8.91,14.46,14.51
"2016-10-13 10:00:00",1414,12.22,12.03,8.86,12.14,8.73,8.89,14.48,14.52
"2016-10-13 11:00:00",1415,12.41,12.26,8.71,12.33,8.56,8.73,14.61,14.65
"2016-10-13 12:00:00",1416,12.74,12.48,8.54,12.65,8.42,8.58,14.63,14.67
"2016-10-13 13:00:00",1417,12.92,12.63,8.43,12.83,8.34,8.5,14.68,14.72
"2016-10-13 14:00:00",1418,13.25,12.95,8.57,13.16,8.58,8.74,14.61,14.65
"2016-10-13 15:00:00",1419,13.29,13.12,9.03,13.2,9.17,9.33,14.54,14.58
"2016-10-13 16:00:00",1420,13.24,13.11,9.26,13.16,9.31,9.47,14.53,14.56
"2016-10-13 17:00:00",1421,13.05,12.73,9.35,12.95,9.37,9.53,14.52,14.57
"2016-10-13 18:00:00",1422,12.6,12.38,9.33,12.51,9.24,9.4,14.36,14.39
"2016-10-13 19:00:00",1423,12.42,12.3,9.19,12.34,9.06,9.22,14.31,14.35
"2016-10-13 20:00:00",1424,12.36,12.26,9.07,12.29,8.93,9.09,14.38,14.43
"2016-10-13 21:00:00",1425,12.35,12.25,9.14,12.25,9.03,9.19,14.3,14.35
"2016-10-13 22:00:00",1426,12.31,12.22,9.29,12.23,9.2,9.36,14.33,14.37
"2016-10-13 23:00:00",1427,12.28,12.17,9.44,12.21,9.38,9.54,14.35,14.38
"2016-10-14 00:00:00",1428,12.26,12.14,9.46,12.18,9.33,9.49,14.4,14.44
"2016-10-14 01:00:00",1429,12.22,12.08,9.24,12.13,9.07,9.23,14.37,14.41
"2016-10-14 02:00:00",1430,12.15,12.02,9.32,12.07,9.23,9.38,14.3,14.34
"2016-10-14 03:00:00",1431,12.11,12.02,9.71,12.02,9.68,9.83,14.15,14.19
"2016-10-14 04:00:00",1432,12.09,12.02,9.75,12,9.64,9.79,14.13,14.16
"2016-10-14 05:00:00",1433,12.08,11.95,9.62,11.99,9.48,9.63,14.08,14.12
"2016-10-14 06:00:00",1434,12.08,11.98,9.62,11.99,9.51,9.67,14.19,14.23
"2016-10-14 07:00:00",1435,12.08,11.98,10.2,12,10.23,10.37,14.46,14.5
"2016-10-14 08:00:00",1436,12.09,11.99,10.73,12,10.65,10.8,14.44,14.48
"2016-10-14 09:00:00",1437,12.09,12,10.39,12.01,10.2,10.36,14.26,14.3
"2016-10-14 10:00:00",1438,12.11,12,10.21,12.03,10.09,10.25,14.39,14.43
"2016-10-14 11:00:00",1439,12.67,12.07,10.38,12.59,10.39,10.54,14.34,14.38
"2016-10-14 12:00:00",1440,13.25,12.8,11.61,13.17,11.98,12.12,14.28,14.31
"2016-10-14 13:00:00",1441,12.64,12.45,11.82,12.55,11.95,12.1,14.48,14.51
"2016-10-14 14:00:00",1442,12.55,12.45,11.51,12.46,11.39,11.55,14.48,14.51
"2016-10-14 15:00:00",1443,12.88,12.46,11.38,12.79,11.32,11.47,14.4,14.43
"2016-10-14 16:00:00",1444,13.04,12.84,11.52,12.95,11.58,11.73,14.42,14.46
"2016-10-14 17:00:00",1445,12.77,12.54,11.75,12.69,11.82,11.96,14.6,14.64
"2016-10-14 18:00:00",1446,12.58,12.45,12.05,12.49,12.03,12.19,14.61,14.64
"2016-10-14 19:00:00",1447,12.46,12.3,12.04,12.38,11.95,12.1,14.34,14.38
"2016-10-14 20:00:00",1448,12.37,12.26,12.08,12.29,11.96,12.11,14.17,14.21
"2016-10-14 21:00:00",1449,12.34,12.22,11.48,12.25,11.21,11.37,13.78,13.82
"2016-10-14 22:00:00",1450,12.28,12.18,10.53,12.21,10.24,10.4,13.8,13.83
"2016-10-14 23:00:00",1451,12.25,12.14,10.04,12.18,9.82,9.98,14.06,14.1
"2016-10-15 00:00:00",1452,12.22,12.1,10.03,12.13,9.91,10.07,14.16,14.2
"2016-10-15 01:00:00",1453,12.16,12.04,10.51,12.07,10.45,10.61,14.15,14.19
"2016-10-15 02:00:00",1454,12.11,12.03,10.57,12.02,10.43,10.58,14.04,14.07
"2016-10-15 03:00:00",1455,12.09,12.02,10.74,12.01,10.72,10.87,14.16,14.2
"2016-10-15 04:00:00",1456,12.09,11.99,11.78,12.02,11.85,11.98,14.21,14.25
"2016-10-15 05:00:00",1457,12.1,12,12.27,12.02,12.25,12.39,14.1,14.13
"2016-10-15 06:00:00",1458,12.11,12.02,12.63,12.02,12.58,12.73,14.4,14.43
"2016-10-15 07:00:00",1459,12.12,12.02,13.03,12.02,12.92,13.07,14.39,14.43
"2016-10-15 08:00:00",1460,12.11,12.01,13.33,12.03,13.22,13.37,14.35,14.38
"2016-10-15 09:00:00",1461,12.15,12.02,13.43,12.07,13.35,13.5,14.59,14.63
"2016-10-15 10:00:00",1462,12.91,12.18,13.73,12.82,13.8,13.95,14.53,14.57
"2016-10-15 11:00:00",1463,13.24,13.15,15.24,13.15,15.76,15.91,14.09,14.13
"2016-10-15 12:00:00",1464,13.25,13.15,16.8,13.15,17.28,17.44,13.92,13.95
"2016-10-15 13:00:00",1465,13.25,13.15,17.19,13.16,17.55,17.69,14.09,14.12
"2016-10-15 14:00:00",1466,13.26,13.16,17.1,13.17,17.27,17.43,14.21,14.24
"2016-10-15 15:00:00",1467,13.29,13.19,16.36,13.2,16.24,16.4,14.35,14.39
"2016-10-15 16:00:00",1468,13.29,13.19,15.66,13.22,15.63,15.77,14.5,14.53
"2016-10-15 17:00:00",1469,13.29,13.19,15.7,13.22,15.8,15.93,14.46,14.5
"2016-10-15 18:00:00",1470,13.29,13.16,16.14,13.21,16.32,16.45,14.45,14.48
"2016-10-15 19:00:00",1471,12.84,12.41,16.64,12.75,16.77,16.9,14.38,14.4
"2016-10-15 20:00:00",1472,12.46,12.33,15.42,12.38,15.03,15.19,14.25,14.28
"2016-10-15 21:00:00",1473,12.41,12.3,13.58,12.33,13.14,13.28,14.19,14.22
"2016-10-15 22:00:00",1474,12.37,12.27,12.37,12.29,12.01,12.16,14.06,14.1
"2016-10-15 23:00:00",1475,12.36,12.25,11.6,12.27,11.28,11.43,13.96,14
"2016-10-16 00:00:00",1476,12.34,12.26,10.9,12.25,10.59,10.74,13.88,13.92
"2016-10-16 01:00:00",1477,12.32,12.22,10.35,12.24,10.07,10.23,13.97,14.01
"2016-10-16 02:00:00",1478,12.29,12.22,9.81,12.22,9.53,9.68,14.01,14.05
"2016-10-16 03:00:00",1479,12.28,12.18,9.32,12.21,9.06,9.22,13.92,13.96
"2016-10-16 04:00:00",1480,12.28,12.18,9.05,12.2,8.82,8.98,14.01,14.04
"2016-10-16 05:00:00",1481,12.27,12.15,8.76,12.19,8.53,8.69,13.88,13.92
"2016-10-16 06:00:00",1482,12.25,12.15,8.53,12.17,8.31,8.47,13.86,13.91
"2016-10-16 07:00:00",1483,12.24,12.14,8.27,12.16,8.05,8.21,13.89,13.93
"2016-10-16 08:00:00",1484,12.24,12.11,8.48,12.15,8.39,8.56,14.5,14.54
"2016-10-16 09:00:00",1485,12.26,12.15,9.38,12.18,9.44,9.58,14.61,14.65
"2016-10-16 10:00:00",1486,12.47,12.22,10.53,12.39,10.72,10.85,14.6,14.64
"2016-10-16 11:00:00",1487,12.84,12.6,11.4,12.75,11.69,11.81,14.61,14.65
"2016-10-16 12:00:00",1488,13.2,12.88,12.31,13.12,12.67,12.79,14.76,14.79
"2016-10-16 13:00:00",1489,13.3,13.2,13.23,13.22,13.68,13.81,14.54,14.58
"2016-10-16 14:00:00",1490,13.3,13.2,14.03,13.23,14.44,14.55,14.58,14.61
"2016-10-16 15:00:00",1491,13.32,13.23,14.32,13.24,14.64,14.75,14.5,14.53
"2016-10-16 16:00:00",1492,13.32,13.23,14.58,13.24,14.85,14.97,14.54,14.57
"2016-10-16 17:00:00",1493,13.32,13.21,14.99,13.23,15.25,15.35,14.25,14.28
"2016-10-16 18:00:00",1494,13.15,12.73,15.01,13.07,15.02,15.17,14.39,14.42
"2016-10-16 19:00:00",1495,12.56,12.37,14.49,12.48,14.29,14.45,14.45,14.48
"2016-10-16 20:00:00",1496,12.42,12.3,13.59,12.33,13.31,13.46,14.49,14.52
"2016-10-16 21:00:00",1497,12.37,12.27,12.87,12.3,12.6,12.76,14.47,14.5
"2016-10-16 22:00:00",1498,12.35,12.25,12.43,12.27,12.22,12.37,14.39,14.43
"2016-10-16 23:00:00",1499,12.34,12.25,12.22,12.25,12.03,12.18,14.37,14.41
"2016-10-17 00:00:00",1500,12.32,12.22,11.99,12.24,11.8,11.95,14.35,14.39
"2016-10-17 01:00:00",1501,12.29,12.18,11.73,12.22,11.54,11.69,14.23,14.26
"2016-10-17 02:00:00",1502,12.28,12.18,11.47,12.2,11.27,11.43,14.3,14.33
"2016-10-17 03:00:00",1503,12.27,12.15,11.26,12.18,11.08,11.24,14.29,14.33
"2016-10-17 04:00:00",1504,12.24,12.14,11.19,12.16,11.03,11.19,14.25,14.29
"2016-10-17 05:00:00",1505,12.23,12.1,11.17,12.14,11.03,11.18,14.23,14.27
"2016-10-17 06:00:00",1506,12.23,12.1,11.27,12.13,11.15,11.31,14.33,14.37
"2016-10-17 07:00:00",1507,12.21,12.1,11.37,12.12,11.25,11.41,14.31,14.35
"2016-10-17 08:00:00",1508,12.2,12.06,11.42,12.12,11.29,11.44,14.27,14.31
"2016-10-17 09:00:00",1509,12.21,12.07,11.41,12.12,11.29,11.45,14.37,14.41
"2016-10-17 10:00:00",1510,12.24,12.14,11.65,12.16,11.6,11.76,14.46,14.49
"2016-10-17 11:00:00",1511,12.36,12.16,12.23,12.28,12.33,12.47,14.67,14.7
"2016-10-17 12:00:00",1512,12.77,12.49,12.83,12.68,12.98,13.12,14.54,14.57
"2016-10-17 13:00:00",1513,12.81,12.68,13.14,12.73,13.25,13.39,14.75,14.78
"2016-10-17 14:00:00",1514,12.8,12.67,13.22,12.71,13.26,13.41,14.7,14.73
"2016-10-17 15:00:00",1515,12.78,12.61,13.27,12.69,13.29,13.44,14.71,14.75
"2016-10-17 16:00:00",1516,12.82,12.6,13.33,12.73,13.36,13.51,14.62,14.65
"2016-10-17 17:00:00",1517,12.87,12.72,13.54,12.78,13.61,13.75,14.54,14.58
"2016-10-17 18:00:00",1518,12.74,12.53,13.56,12.66,13.54,13.68,14.47,14.5
"2016-10-17 19:00:00",1519,12.47,12.29,13.52,12.39,13.41,13.56,14.49,14.53
"2016-10-17 20:00:00",1520,12.36,12.25,13.34,12.28,13.2,13.35,14.55,14.58
"2016-10-17 21:00:00",1521,12.3,12.18,13.12,12.23,12.97,13.12,14.44,14.48
"2016-10-17 22:00:00",1522,12.26,12.14,12.95,12.18,12.8,12.95,14.46,14.5
"2016-10-17 23:00:00",1523,12.22,12.1,12.87,12.14,12.73,12.88,14.4,14.43
"2016-10-18 00:00:00",1524,12.19,12.06,12.78,12.11,12.63,12.78,14.41,14.44
"2016-10-18 01:00:00",1525,12.17,12.06,12.79,12.1,12.66,12.82,14.49,14.53
"2016-10-18 02:00:00",1526,12.16,12.06,12.81,12.09,12.68,12.83,14.35,14.39
"2016-10-18 03:00:00",1527,12.15,12.06,12.76,12.08,12.63,12.78,14.46,14.5
"2016-10-18 04:00:00",1528,12.14,12.03,12.82,12.07,12.7,12.85,14.49,14.53
"2016-10-18 05:00:00",1529,12.13,12.03,12.85,12.06,12.74,12.89,14.49,14.53
"2016-10-18 06:00:00",1530,12.12,12.02,12.92,12.05,12.81,12.96,14.57,14.61
"2016-10-18 07:00:00",1531,12.11,12.02,12.93,12.04,12.8,12.96,14.38,14.42
"2016-10-18 08:00:00",1532,12.11,12.02,12.8,12.04,12.64,12.79,14.35,14.38
"2016-10-18 09:00:00",1533,12.15,12.02,12.77,12.07,12.68,12.84,14.47,14.51
"2016-10-18 10:00:00",1534,12.94,12.22,13.47,12.86,13.6,13.74,14.05,14.08
"2016-10-18 11:00:00",1535,13.24,13.15,14.92,13.16,15.42,15.55,14,14.03
"2016-10-18 12:00:00",1536,13.24,13.15,16.1,13.16,16.62,16.76,14.34,14.37
"2016-10-18 13:00:00",1537,13.24,13.15,17.46,13.16,17.75,17.93,14.13,14.16
"2016-10-18 14:00:00",1538,13.26,13.15,16.96,13.19,16.9,17.08,14.43,14.46
"2016-10-18 15:00:00",1539,13.28,13.19,16.09,13.21,15.98,16.14,14.39,14.41
"2016-10-18 16:00:00",1540,13.29,13.19,15.6,13.22,15.56,15.7,14.46,14.49
"2016-10-18 17:00:00",1541,13.3,13.16,15.56,13.22,15.68,15.81,14.43,14.46
"2016-10-18 18:00:00",1542,13.3,13.12,15.69,13.22,15.73,15.88,14.52,14.56
"2016-10-18 19:00:00",1543,12.79,12.37,15.89,12.71,15.95,16.09,14.33,14.36
"2016-10-18 20:00:00",1544,12.44,12.32,15.23,12.37,14.94,15.08,14,14.03
"2016-10-18 21:00:00",1545,12.39,12.3,13.66,12.32,13.25,13.4,14.18,14.22
"2016-10-18 22:00:00",1546,12.37,12.25,12.52,12.29,12.18,12.33,14.37,14.4
"2016-10-18 23:00:00",1547,12.35,12.26,12.12,12.26,11.88,12.03,14.26,14.3
"2016-10-19 00:00:00",1548,12.35,12.25,11.54,12.25,11.26,11.41,13.98,14.02
"2016-10-19 01:00:00",1549,12.32,12.22,11.05,12.23,10.82,10.97,14,14.04
"2016-10-19 02:00:00",1550,12.32,12.22,11.49,12.22,11.44,11.59,13.96,14
"2016-10-19 03:00:00",1551,12.31,12.2,12.26,12.21,12.19,12.33,14.04,14.08
"2016-10-19 04:00:00",1552,12.29,12.2,12.32,12.21,12.17,12.32,13.97,14.01
"2016-10-19 05:00:00",1553,12.29,12.19,12.29,12.19,12.14,12.29,13.94,13.98
"2016-10-19 06:00:00",1554,12.28,12.18,11.95,12.18,11.7,11.85,13.63,13.66
"2016-10-19 07:00:00",1555,12.27,12.16,11.16,12.18,10.95,11.1,14.08,14.12
"2016-10-19 08:00:00",1556,12.26,12.14,11.53,12.17,11.44,11.59,14.41,14.45
"2016-10-19 09:00:00",1557,12.31,12.14,11.77,12.23,11.66,11.82,14.32,14.36
"2016-10-19 10:00:00",1558,12.46,12.3,11.93,12.38,11.83,11.99,14.4,14.43
"2016-10-19 11:00:00",1559,12.66,12.42,12.01,12.58,11.91,12.07,14.41,14.45
"2016-10-19 12:00:00",1560,13.18,12.75,12.05,13.09,12,12.17,14.29,14.32
"2016-10-19 13:00:00",1561,13.23,12.96,12.24,13.14,12.32,12.48,14.43,14.46
"2016-10-19 14:00:00",1562,13.33,13.16,12.64,13.24,12.79,12.95,14.47,14.51
"2016-10-19 15:00:00",1563,13.33,13.16,13.1,13.25,13.24,13.39,14.41,14.44
"2016-10-19 16:00:00",1564,13.26,12.99,13.19,13.18,13.19,13.35,14.35,14.38
"2016-10-19 17:00:00",1565,13.21,12.85,13.15,13.11,13.1,13.25,14.12,14.15
"2016-10-19 18:00:00",1566,12.7,12.42,13.12,12.61,13.03,13.18,14.09,14.13
"2016-10-19 19:00:00",1567,12.44,12.28,12.8,12.36,12.61,12.77,14.03,14.07
"2016-10-19 20:00:00",1568,12.38,12.29,12.43,12.31,12.23,12.39,13.89,13.92
"2016-10-19 21:00:00",1569,12.36,12.25,11.96,12.27,11.72,11.87,13.75,13.79
"2016-10-19 22:00:00",1570,12.34,12.23,11.29,12.25,11.04,11.19,13.66,13.7
"2016-10-19 23:00:00",1571,12.31,12.22,10.72,12.23,10.46,10.62,13.63,13.67
"2016-10-20 00:00:00",1572,12.28,12.17,10.43,12.21,10.22,10.38,13.77,13.8
"2016-10-20 01:00:00",1573,12.27,12.14,10.11,12.19,9.88,10.04,13.56,13.6
"2016-10-20 02:00:00",1574,12.24,12.14,9.96,12.16,9.84,9.99,13.43,13.47
"2016-10-20 03:00:00",1575,12.24,12.12,10.22,12.14,10.06,10.22,13.12,13.15
"2016-10-20 04:00:00",1576,12.21,12.1,9.62,12.12,9.37,9.53,13.49,13.52
"2016-10-20 05:00:00",1577,12.2,12.08,9.35,12.11,9.14,9.3,13.77,13.8
"2016-10-20 06:00:00",1578,12.18,12.07,8.67,12.1,8.37,8.53,13.34,13.38
"2016-10-20 07:00:00",1579,12.16,12.06,7.727,12.09,7.4,7.564,13.09,13.13
"2016-10-20 08:00:00",1580,12.16,12.06,7.295,12.07,7.056,7.222,13,13.04
"2016-10-20 09:00:00",1581,12.72,12.07,7.626,12.64,7.605,7.789,13.35,13.39
"2016-10-20 10:00:00",1582,13.29,13.14,10.99,13.22,11.46,11.61,13.55,13.58
"2016-10-20 11:00:00",1583,13.33,13.2,12.03,13.25,12.38,12.53,13.33,13.37
"2016-10-20 12:00:00",1584,13.33,13.23,13.97,13.24,14.24,14.45,13.34,13.37
"2016-10-20 13:00:00",1585,13.34,13.24,14.32,13.25,14.3,14.52,13.5,13.53
"2016-10-20 14:00:00",1586,13.35,13.24,13.86,13.26,13.75,13.95,13.45,13.48
"2016-10-20 15:00:00",1587,13.37,13.25,13.22,13.28,13.11,13.25,13.61,13.64
"2016-10-20 16:00:00",1588,13.37,13.27,12.9,13.28,13.09,13.17,13.55,13.58
"2016-10-20 17:00:00",1589,13.36,13.24,13.29,13.28,13.67,13.73,13.41,13.44
"2016-10-20 18:00:00",1590,13.36,13.12,13.75,13.27,13.91,14.01,13.51,13.54
"2016-10-20 19:00:00",1591,12.81,12.38,13.81,12.73,13.82,13.95,13.72,13.76
"2016-10-20 20:00:00",1592,12.43,12.3,12.59,12.35,12.22,12.38,13.68,13.71
"2016-10-20 21:00:00",1593,12.37,12.28,11.22,12.3,10.84,10.99,13.4,13.44
"2016-10-20 22:00:00",1594,12.36,12.26,10.64,12.27,10.43,10.58,13.52,13.56
"2016-10-20 23:00:00",1595,12.36,12.24,10.96,12.25,10.85,11,13.68,13.72
"2016-10-21 00:00:00",1596,12.33,12.23,11.15,12.24,11,11.15,13.65,13.69
"2016-10-21 01:00:00",1597,12.3,12.22,10.72,12.23,10.47,10.62,13.14,13.17
"2016-10-21 02:00:00",1598,12.28,12.18,8.98,12.21,8.47,8.64,13,13.04
"2016-10-21 03:00:00",1599,12.27,12.17,7.515,12.18,7.131,7.291,13.09,13.13
"2016-10-21 04:00:00",1600,12.24,12.14,6.717,12.16,6.408,6.571,13.06,13.1
"2016-10-21 05:00:00",1601,12.24,12.11,6.463,12.14,6.28,6.447,13.5,13.54
"2016-10-21 06:00:00",1602,12.22,12.1,7.768,12.13,7.841,8,13.77,13.81
"2016-10-21 07:00:00",1603,12.2,12.07,8.79,12.12,8.77,8.93,13.74,13.78
"2016-10-21 08:00:00",1604,12.19,12.07,9.07,12.1,8.97,9.12,13.88,13.92
"2016-10-21 09:00:00",1605,12.19,12.06,9.07,12.11,8.95,9.11,13.85,13.89
"2016-10-21 10:00:00",1606,12.43,12.19,9.18,12.35,9.13,9.29,13.87,13.91
"2016-10-21 11:00:00",1607,12.88,12.41,9.37,12.8,9.4,9.56,13.89,13.93
"2016-10-21 12:00:00",1608,13.34,13.24,9.93,13.26,10.2,10.36,13.44,13.48
"2016-10-21 13:00:00",1609,13.34,13.24,11.59,13.26,12.03,12.19,13.29,13.33
"2016-10-21 14:00:00",1610,13.35,13.24,12.27,13.26,12.54,12.7,13.83,13.86
"2016-10-21 15:00:00",1611,13.37,13.24,12.15,13.28,12.4,12.51,13.42,13.45
"2016-10-21 16:00:00",1612,13.37,13.26,12.38,13.28,12.61,12.74,13.85,13.88
"2016-10-21 17:00:00",1613,13.39,13.27,12.31,13.29,12.33,12.49,13.59,13.62
"2016-10-21 18:00:00",1614,13.38,13.01,12.55,13.28,12.72,12.85,13.56,13.59
"2016-10-21 19:00:00",1615,12.79,12.37,12.43,12.7,12.43,12.58,13.24,13.27
"2016-10-21 20:00:00",1616,12.42,12.3,11.17,12.34,10.8,10.96,12.9,12.94
"2016-10-21 21:00:00",1617,12.37,12.26,9.71,12.29,9.27,9.42,12.72,12.76
"2016-10-21 22:00:00",1618,12.34,12.24,8.23,12.26,7.819,7.976,12.51,12.55
"2016-10-21 23:00:00",1619,12.31,12.22,7.339,12.23,7.016,7.174,12.52,12.56
"2016-10-22 00:00:00",1620,12.28,12.17,6.553,12.21,6.224,6.385,12.33,12.38
"2016-10-22 01:00:00",1621,12.26,12.13,5.788,12.19,5.472,5.636,12.25,12.3
"2016-10-22 02:00:00",1622,12.24,12.14,5.343,12.16,5.091,5.254,12.16,12.21
"2016-10-22 03:00:00",1623,12.24,12.12,5.31,12.15,5.127,5.29,12.09,12.13
"2016-10-22 04:00:00",1624,12.21,12.11,5.35,12.13,5.159,5.319,12,12.04
"2016-10-22 05:00:00",1625,12.18,12.06,4.866,12.1,4.615,4.777,12.24,12.28
"2016-10-22 06:00:00",1626,12.15,12.02,4.67,12.07,4.477,4.639,12.39,12.44
"2016-10-22 07:00:00",1627,12.12,12.03,4.512,12.04,4.306,4.467,12.29,12.34
"2016-10-22 08:00:00",1628,12.1,12,4.334,12.01,4.136,4.303,12.58,12.63
"2016-10-22 09:00:00",1629,12.19,12.03,4.252,12.11,4.104,4.275,12.79,12.84
"2016-10-22 10:00:00",1630,13.02,12.26,5.152,12.93,5.29,5.451,12.84,12.88
"2016-10-22 11:00:00",1631,13.38,13.28,7.67,13.29,8.14,8.28,13.07,13.1
"2016-10-22 12:00:00",1632,13.38,13.27,9.78,13.29,10.4,10.53,12.86,12.9
"2016-10-22 13:00:00",1633,13.36,13.27,11.4,13.28,11.81,11.98,12.94,12.97
"2016-10-22 14:00:00",1634,13.38,13.26,11.45,13.29,11.67,11.82,13.19,13.22
"2016-10-22 15:00:00",1635,13.4,13.26,11.21,13.3,11.49,11.59,13.22,13.26
"2016-10-22 16:00:00",1636,13.41,13.28,11.23,13.3,11.59,11.66,13.28,13.32
"2016-10-22 17:00:00",1637,13.41,13.28,11.83,13.3,12.27,12.33,13.3,13.33
"2016-10-22 18:00:00",1638,13.4,13.12,12.48,13.3,12.8,12.93,13.23,13.26
"2016-10-22 19:00:00",1639,12.8,12.37,12.66,12.71,12.77,12.91,13.01,13.04
"2016-10-22 20:00:00",1640,12.42,12.3,10.74,12.33,10.27,10.43,12.96,13
"2016-10-22 21:00:00",1641,12.36,12.26,8.93,12.29,8.5,8.66,12.73,12.77
"2016-10-22 22:00:00",1642,12.34,12.24,8.14,12.25,7.839,7.995,12.67,12.71
"2016-10-22 23:00:00",1643,12.31,12.21,7.711,12.23,7.462,7.62,12.67,12.71
"2016-10-23 00:00:00",1644,12.29,12.19,7.696,12.21,7.523,7.684,12.91,12.95
"2016-10-23 01:00:00",1645,12.28,12.18,7.744,12.2,7.569,7.729,12.88,12.92
"2016-10-23 02:00:00",1646,12.27,12.18,7.555,12.18,7.376,7.538,12.75,12.79
"2016-10-23 03:00:00",1647,12.25,12.14,7.679,12.17,7.553,7.711,12.79,12.83
"2016-10-23 04:00:00",1648,12.24,12.11,7.86,12.15,7.755,7.913,12.8,12.85
"2016-10-23 05:00:00",1649,12.22,12.11,7.898,12.13,7.762,7.916,12.87,12.91
"2016-10-23 06:00:00",1650,12.19,12.07,8.02,12.1,7.939,8.1,13.53,13.56
"2016-10-23 07:00:00",1651,12.16,12.06,8.43,12.07,8.37,8.52,13.11,13.15
"2016-10-23 08:00:00",1652,12.13,12.03,8.45,12.05,8.33,8.48,13.28,13.32
"2016-10-23 09:00:00",1653,12.14,12.02,8.64,12.06,8.58,8.74,13.35,13.38
"2016-10-23 10:00:00",1654,12.17,12.06,8.89,12.09,8.88,9.04,13.4,13.44
"2016-10-23 11:00:00",1655,12.21,12.06,8.97,12.13,8.92,9.08,13.67,13.7
"2016-10-23 12:00:00",1656,12.41,12.15,9.05,12.33,9.04,9.2,13.61,13.65
"2016-10-23 13:00:00",1657,12.83,12.46,9.45,12.74,9.63,9.78,13.64,13.68
"2016-10-23 14:00:00",1658,12.83,12.69,9.82,12.74,10.01,10.16,13.81,13.85
"2016-10-23 15:00:00",1659,12.88,12.72,10.03,12.79,10.19,10.34,13.88,13.92
"2016-10-23 16:00:00",1660,12.74,12.58,10.2,12.65,10.33,10.48,13.76,13.8
"2016-10-23 17:00:00",1661,12.75,12.5,10.44,12.66,10.57,10.72,13.8,13.84
"2016-10-23 18:00:00",1662,12.53,12.35,10.58,12.44,10.63,10.79,13.67,13.71
"2016-10-23 19:00:00",1663,12.37,12.26,10.56,12.29,10.5,10.65,13.62,13.66
"2016-10-23 20:00:00",1664,12.29,12.16,10.32,12.21,10.16,10.32,13.64,13.68
"2016-10-23 21:00:00",1665,12.21,12.07,10.13,12.13,9.99,10.15,13.75,13.79
"2016-10-23 22:00:00",1666,12.16,12.07,10.1,12.07,9.97,10.13,13.63,13.67
"2016-10-23 23:00:00",1667,12.13,12.03,10.05,12.05,9.91,10.07,13.69,13.73
"2016-10-24 00:00:00",1668,12.12,12.03,10.01,12.05,9.88,10.04,13.66,13.7
"2016-10-24 01:00:00",1669,12.12,12.02,9.96,12.04,9.81,9.96,13.3,13.34
"2016-10-24 02:00:00",1670,12.12,12.02,9.41,12.03,9.18,9.34,12.95,12.99
"2016-10-24 03:00:00",1671,12.11,12.02,8.95,12.02,8.74,8.9,12.97,13.01
"2016-10-24 04:00:00",1672,12.09,11.98,8.56,12.01,8.36,8.52,12.98,13.02
"2016-10-24 05:00:00",1673,12.09,11.95,8.52,12,8.38,8.54,13.39,13.43
"2016-10-24 06:00:00",1674,12.08,11.95,8.72,12,8.62,8.78,13.47,13.51
"2016-10-24 07:00:00",1675,12.08,11.99,9.33,11.99,9.37,9.52,13.46,13.5
"2016-10-24 08:00:00",1676,12.07,11.95,9.66,11.99,9.54,9.69,12.74,12.77
"2016-10-24 09:00:00",1677,12.15,11.97,8.99,12.07,8.76,8.93,12.89,12.93
"2016-10-24 10:00:00",1678,12.72,12.21,8.98,12.64,8.95,9.11,13.25,13.29
"2016-10-24 11:00:00",1679,13.2,12.92,10.16,13.11,10.5,10.61,13.85,13.89
"2016-10-24 12:00:00",1680,13.3,13.2,11.83,13.2,12.4,12.51,13.57,13.61
"2016-10-24 13:00:00",1681,13.3,13.2,12.38,13.22,12.8,12.94,13.44,13.48
"2016-10-24 14:00:00",1682,13.31,13.22,12.81,13.23,13.21,13.33,13.53,13.56
"2016-10-24 15:00:00",1683,13.32,13.19,13.35,13.23,13.77,13.86,13.57,13.61
"2016-10-24 16:00:00",1684,13.33,13.23,13.59,13.24,13.9,14.01,13.88,13.91
"2016-10-24 17:00:00",1685,13.33,13.2,13.67,13.25,13.78,13.93,13.83,13.86
"2016-10-24 18:00:00",1686,13.27,12.86,13.86,13.18,13.98,14.11,13.75,13.78
"2016-10-24 19:00:00",1687,12.62,12.38,14.02,12.53,13.97,14.11,13.9,13.93
"2016-10-24 20:00:00",1688,12.44,12.31,13.53,12.35,13.3,13.46,13.89,13.93
"2016-10-24 21:00:00",1689,12.39,12.29,13.08,12.32,12.89,13.04,13.93,13.96
"2016-10-24 22:00:00",1690,12.37,12.26,12.98,12.3,12.83,12.98,13.82,13.86
"2016-10-24 23:00:00",1691,12.36,12.26,12.93,12.28,12.78,12.93,13.94,13.98
"2016-10-25 00:00:00",1692,12.36,12.26,13.17,12.27,13.1,13.25,14.16,14.19
"2016-10-25 01:00:00",1693,12.35,12.25,13.34,12.26,13.22,13.37,14.19,14.23
"2016-10-25 02:00:00",1694,12.34,12.21,13.38,12.25,13.27,13.42,14.15,14.19
"2016-10-25 03:00:00",1695,12.32,12.22,13.41,12.24,13.28,13.43,14.15,14.19
"2016-10-25 04:00:00",1696,12.31,12.22,13.46,12.23,13.35,13.5,14.13,14.16
"2016-10-25 05:00:00",1697,12.3,12.18,13.5,12.22,13.38,13.53,14.16,14.19
"2016-10-25 06:00:00",1698,12.28,12.18,13.65,12.21,13.57,13.72,14.28,14.32
"2016-10-25 07:00:00",1699,12.28,12.19,13.78,12.2,13.67,13.82,14.23,14.26
"2016-10-25 08:00:00",1700,12.27,12.18,13.83,12.19,13.71,13.86,14.23,14.26
"2016-10-25 09:00:00",1701,12.26,12.14,13.9,12.18,13.79,13.94,14.18,14.21
"2016-10-25 10:00:00",1702,12.24,12.13,13.99,12.17,13.9,14.05,14.15,14.18
"2016-10-25 11:00:00",1703,12.23,12.14,14.01,12.15,13.88,14.03,14.19,14.23
"2016-10-25 12:00:00",1704,12.24,12.14,13.97,12.16,13.84,14,14.22,14.26
"2016-10-25 13:00:00",1705,12.25,12.1,14.02,12.16,13.92,14.07,14.23,14.26
"2016-10-25 14:00:00",1706,12.23,12.11,14.11,12.14,14,14.15,14.21,14.25
"2016-10-25 15:00:00",1707,12.25,12.1,14.16,12.17,14.06,14.21,14.19,14.23
"2016-10-25 16:00:00",1708,12.59,12.32,14.32,12.51,14.29,14.44,14.25,14.29
"2016-10-25 17:00:00",1709,12.8,12.61,14.56,12.71,14.62,14.76,14.13,14.16
"2016-10-25 18:00:00",1710,12.62,12.34,14.62,12.53,14.59,14.74,14.02,14.05
"2016-10-25 19:00:00",1711,12.34,12.2,14.59,12.26,14.48,14.63,14.25,14.28
"2016-10-25 20:00:00",1712,12.23,12.1,14.51,12.14,14.37,14.52,14.2,14.23
"2016-10-25 21:00:00",1713,12.17,12.06,14.38,12.09,14.23,14.38,14.07,14.1
"2016-10-25 22:00:00",1714,12.16,12.03,14.29,12.07,14.15,14.3,14.24,14.27
"2016-10-25 23:00:00",1715,12.15,12.04,14.3,12.06,14.17,14.32,14.15,14.19
"2016-10-26 00:00:00",1716,12.13,12.04,14.2,12.05,14.06,14.21,14.02,14.06
"2016-10-26 01:00:00",1717,12.12,12.02,14,12.05,13.84,13.99,14.13,14.16
"2016-10-26 02:00:00",1718,12.12,12.02,14.18,12.04,14.1,14.25,14.29,14.32
"2016-10-26 03:00:00",1719,12.12,12.02,14.38,12.04,14.27,14.42,14.25,14.28
"2016-10-26 04:00:00",1720,12.12,12.02,14.35,12.04,14.21,14.36,14.2,14.23
"2016-10-26 05:00:00",1721,12.12,12.02,14.3,12.04,14.16,14.31,14.22,14.25
"2016-10-26 06:00:00",1722,12.12,12.02,14.19,12.03,14.03,14.18,13.98,14.02
"2016-10-26 07:00:00",1723,12.12,12.02,13.98,12.03,13.82,13.97,14.08,14.11
"2016-10-26 08:00:00",1724,12.12,12.02,13.89,12.03,13.75,13.9,14.09,14.13
"2016-10-26 09:00:00",1725,12.11,12.02,13.84,12.03,13.71,13.86,14.14,14.17
"2016-10-26 10:00:00",1726,12.12,12.02,13.95,12.04,13.85,14.01,14.19,14.22
"2016-10-26 11:00:00",1727,12.25,12.04,14.1,12.17,14.01,14.16,14.19,14.22
"2016-10-26 12:00:00",1728,12.29,12.06,14.23,12.21,14.17,14.32,14.25,14.28
"2016-10-26 13:00:00",1729,12.7,12.1,14.25,12.62,14.19,14.35,13.99,14.02
"2016-10-26 14:00:00",1730,13.19,13.11,15.19,13.11,15.55,15.71,14.06,14.09
"2016-10-26 15:00:00",1731,13.21,13.12,15.86,13.13,16.29,16.41,13.91,13.93
"2016-10-26 16:00:00",1732,13.23,13.11,16.16,13.15,16.51,16.62,14,14.03
"2016-10-26 17:00:00",1733,13.24,12.99,16.21,13.16,16.43,16.56,13.97,14
"2016-10-26 18:00:00",1734,13.18,12.89,16.06,13.1,16.12,16.26,13.74,13.78
"2016-10-26 19:00:00",1735,12.63,12.38,15.85,12.55,15.79,15.94,13.49,13.52
"2016-10-26 20:00:00",1736,12.45,12.36,14.71,12.38,14.36,14.51,13.32,13.36
"2016-10-26 21:00:00",1737,12.41,12.3,13.94,12.34,13.69,13.84,13.52,13.56
"2016-10-26 22:00:00",1738,12.38,12.3,13.94,12.32,13.8,13.94,13.82,13.85
"2016-10-26 23:00:00",1739,12.36,12.26,13.61,12.3,13.42,13.56,13.56,13.6
"2016-10-27 00:00:00",1740,12.35,12.25,13.32,12.27,13.14,13.29,13.58,13.62
"2016-10-27 01:00:00",1741,12.34,12.25,13.08,12.26,12.91,13.06,13.42,13.46
"2016-10-27 02:00:00",1742,12.32,12.21,12.89,12.25,12.69,12.83,13.25,13.29
"2016-10-27 03:00:00",1743,12.3,12.22,12.46,12.24,12.23,12.38,13.28,13.31
"2016-10-27 04:00:00",1744,12.29,12.19,12.11,12.22,11.92,12.06,13.28,13.32
"2016-10-27 05:00:00",1745,12.28,12.18,12.07,12.21,11.94,12.08,13.27,13.3
"2016-10-27 06:00:00",1746,12.28,12.18,12.03,12.2,11.9,12.05,13.44,13.47
"2016-10-27 07:00:00",1747,12.27,12.17,12.19,12.2,12.08,12.22,13.62,13.66
"2016-10-27 08:00:00",1748,12.26,12.13,11.92,12.18,11.75,11.89,13.24,13.28
"2016-10-27 09:00:00",1749,12.45,12.15,11.69,12.37,11.56,11.71,13.16,13.19
"2016-10-27 10:00:00",1750,13.25,13.15,13.07,13.17,13.32,13.47,13.21,13.25
"2016-10-27 11:00:00",1751,13.27,13.15,14.58,13.19,14.84,15,13.28,13.31
"2016-10-27 12:00:00",1752,13.28,13.17,15.63,13.2,15.73,15.92,13.34,13.38
"2016-10-27 13:00:00",1753,13.28,13.19,15.8,13.21,15.79,15.98,13.38,13.41
"2016-10-27 14:00:00",1754,13.28,13.18,15.82,13.21,15.86,16.01,13.56,13.59
"2016-10-27 15:00:00",1755,13.28,13.19,15.71,13.21,15.76,15.89,13.73,13.77
"2016-10-27 16:00:00",1756,13.28,13.18,15.64,13.21,15.78,15.87,13.92,13.95
"2016-10-27 17:00:00",1757,13.29,13.19,15.74,13.21,15.93,16.04,13.62,13.65
"2016-10-27 18:00:00",1758,13.29,13.04,15.71,13.21,15.82,15.96,13.48,13.51
"2016-10-27 19:00:00",1759,12.68,12.38,15.03,12.59,14.83,14.99,13.08,13.11
"2016-10-27 20:00:00",1760,12.43,12.3,13.58,12.33,13.21,13.36,13,13.03
"2016-10-27 21:00:00",1761,12.39,12.29,12.82,12.29,12.57,12.71,12.93,12.97
"2016-10-27 22:00:00",1762,12.36,12.26,12.49,12.28,12.28,12.43,12.84,12.88
"2016-10-27 23:00:00",1763,12.36,12.25,12.08,12.25,11.87,12.02,12.97,13.01
"2016-10-28 00:00:00",1764,12.35,12.24,11.95,12.24,11.79,11.93,12.83,12.86
"2016-10-28 01:00:00",1765,12.33,12.23,11.65,12.22,11.43,11.58,12.74,12.78
"2016-10-28 02:00:00",1766,12.3,12.2,11.14,12.22,10.9,11.05,12.64,12.67
"2016-10-28 03:00:00",1767,12.28,12.17,10.77,12.2,10.54,10.69,12.54,12.58
"2016-10-28 04:00:00",1768,12.28,12.18,10.5,12.19,10.29,10.43,12.56,12.6
"2016-10-28 05:00:00",1769,12.26,12.15,9.91,12.18,9.62,9.78,12.26,12.3
"2016-10-28 06:00:00",1770,12.24,12.14,9.48,12.17,9.28,9.43,12.8,12.83
"2016-10-28 07:00:00",1771,12.24,12.13,8.92,12.15,8.63,8.78,12.63,12.67
"2016-10-28 08:00:00",1772,12.23,12.11,8.28,12.14,8.01,8.17,12.39,12.43
"2016-10-28 09:00:00",1773,12.53,12.11,7.857,12.44,7.642,7.814,12.03,12.08
"2016-10-28 10:00:00",1774,13.34,13.24,10.05,13.25,10.35,10.54,12.61,12.65
"2016-10-28 11:00:00",1775,13.31,13.23,13.51,13.23,13.97,14.14,13,13.04
"2016-10-28 12:00:00",1776,13.29,13.2,14.7,13.21,14.98,15.18,13.13,13.16
"2016-10-28 13:00:00",1777,13.32,13.23,14.72,13.24,14.83,15.04,13.22,13.25
"2016-10-28 14:00:00",1778,13.32,13.23,14.61,13.24,14.79,14.92,13.19,13.22
"2016-10-28 15:00:00",1779,13.35,13.24,14.12,13.26,14.14,14.28,13.33,13.36
"2016-10-28 16:00:00",1780,13.37,13.2,13.46,13.27,13.49,13.61,13.48,13.51
"2016-10-28 17:00:00",1781,13.36,13.24,13.64,13.27,13.79,13.92,13.61,13.64
"2016-10-28 18:00:00",1782,13.33,13.04,14.29,13.25,14.65,14.73,13.95,13.98
"2016-10-28 19:00:00",1783,12.69,12.38,14.51,12.6,14.51,14.66,13.4,13.43
"2016-10-28 20:00:00",1784,12.41,12.29,12.82,12.33,12.39,12.55,12.75,12.78
"2016-10-28 21:00:00",1785,12.36,12.26,11.5,12.29,11.13,11.28,12.61,12.65
"2016-10-28 22:00:00",1786,12.36,12.26,10.58,12.26,10.26,10.41,12.68,12.72
"2016-10-28 23:00:00",1787,12.33,12.22,10.05,12.24,9.77,9.93,12.46,12.5
"2016-10-29 00:00:00",1788,12.29,12.22,9.34,12.22,9.04,9.19,12.29,12.33
"2016-10-29 01:00:00",1789,12.28,12.18,8.6,12.2,8.29,8.44,12.14,12.18
"2016-10-29 02:00:00",1790,12.27,12.15,8,12.18,7.708,7.866,11.79,11.83
"2016-10-29 03:00:00",1791,12.24,12.14,7.65,12.16,7.441,7.601,12.05,12.09
"2016-10-29 04:00:00",1792,12.24,12.11,8.18,12.14,8.1,8.27,12.86,12.9
"2016-10-29 05:00:00",1793,12.21,12.09,8.8,12.13,8.74,8.9,12.89,12.93
"2016-10-29 06:00:00",1794,12.2,12.1,9.01,12.11,8.87,9.03,12.69,12.73
"2016-10-29 07:00:00",1795,12.19,12.06,8.57,12.1,8.37,8.54,12.82,12.86
"2016-10-29 08:00:00",1796,12.18,12.07,8.71,12.1,8.59,8.75,13.26,13.31
"2016-10-29 09:00:00",1797,12.21,12.07,8.78,12.13,8.64,8.8,12.63,12.67
"2016-10-29 10:00:00",1798,12.96,12.3,8.9,12.87,8.89,9.05,12.59,12.63
"2016-10-29 11:00:00",1799,13.34,13,9.47,13.25,9.65,9.8,12.82,12.86
"2016-10-29 12:00:00",1800,13.37,13.27,10.56,13.28,10.83,11,12.83,12.87
"2016-10-29 13:00:00",1801,13.36,13.27,11.75,13.27,11.97,12.15,13.04,13.07
"2016-10-29 14:00:00",1802,13.36,13.27,12.41,13.27,12.63,12.77,13.06,13.09
"2016-10-29 15:00:00",1803,13.37,13.27,12.64,13.27,12.77,12.91,13.19,13.22
"2016-10-29 16:00:00",1804,13.37,13.27,12.76,13.28,12.95,13.08,13.34,13.38
"2016-10-29 17:00:00",1805,13.37,13.23,13.35,13.27,13.6,13.71,13.44,13.47
"2016-10-29 18:00:00",1806,13.36,13.04,13.88,13.27,14.03,14.17,13.35,13.38
"2016-10-29 19:00:00",1807,12.68,12.38,13.78,12.59,13.69,13.85,13.09,13.13
"2016-10-29 20:00:00",1808,12.42,12.3,13.11,12.34,12.89,13.04,12.93,12.97
"2016-10-29 21:00:00",1809,12.38,12.28,12.58,12.3,12.39,12.54,12.83,12.86
"2016-10-29 22:00:00",1810,12.36,12.26,12.21,12.28,12.03,12.18,12.76,12.79
"2016-10-29 23:00:00",1811,12.35,12.25,11.86,12.26,11.67,11.82,12.65,12.68
"2016-10-30 00:00:00",1812,12.32,12.22,11.48,12.24,11.28,11.43,12.71,12.75
"2016-10-30 01:00:00",1813,12.29,12.2,11.34,12.22,11.19,11.34,12.88,12.92
"2016-10-30 02:00:00",1814,12.28,12.18,11.48,12.21,11.34,11.5,13.14,13.17
"2016-10-30 03:00:00",1815,12.27,12.15,11.49,12.19,11.36,11.51,13.09,13.13
"2016-10-30 04:00:00",1816,12.24,12.14,11.48,12.16,11.34,11.49,13.26,13.3
"2016-10-30 05:00:00",1817,12.23,12.11,11.44,12.14,11.3,11.45,13.19,13.23
"2016-10-30 06:00:00",1818,12.2,12.09,11.41,12.12,11.26,11.42,13.35,13.39
"2016-10-30 07:00:00",1819,12.2,12.1,11.3,12.11,11.14,11.3,13.41,13.44
"2016-10-30 08:00:00",1820,12.2,12.07,11.21,12.1,11.05,11.21,13.28,13.31
"2016-10-30 09:00:00",1821,12.19,12.06,11.07,12.1,10.9,11.06,13.04,13.08
"2016-10-30 10:00:00",1822,12.25,12.1,10.95,12.16,10.8,10.96,13,13.03
"2016-10-30 11:00:00",1823,12.46,12.26,11,12.38,10.9,11.06,13.14,13.18
"2016-10-30 12:00:00",1824,13.09,12.61,11.48,13.01,11.56,11.72,13.18,13.22
"2016-10-30 13:00:00",1825,13.3,13.2,12.98,13.21,13.25,13.41,13.48,13.52
"2016-10-30 14:00:00",1826,13.32,13.21,13.3,13.24,13.46,13.62,13.21,13.24
"2016-10-30 15:00:00",1827,13.34,13.24,13.12,13.26,13.09,13.26,13.25,13.29
"2016-10-30 16:00:00",1828,13.36,13.25,12.63,13.27,12.61,12.76,13.24,13.27
"2016-10-30 17:00:00",1829,13.37,13.27,12.58,13.28,12.66,12.8,13.37,13.4
"2016-10-30 18:00:00",1830,13.34,12.92,12.77,13.25,12.85,12.99,13.33,13.36
"2016-10-30 19:00:00",1831,12.62,12.36,12.47,12.54,12.29,12.45,12.56,12.6
"2016-10-30 20:00:00",1832,12.4,12.3,10.84,12.32,10.4,10.56,12.33,12.36
"2016-10-30 21:00:00",1833,12.36,12.26,9.88,12.28,9.64,9.79,12.39,12.42
"2016-10-30 22:00:00",1834,12.35,12.25,10.64,12.26,10.65,10.79,12.62,12.66
"2016-10-30 23:00:00",1835,12.34,12.22,11,12.25,10.91,11.05,12.5,12.54
"2016-10-31 00:00:00",1836,12.31,12.21,10.7,12.23,10.53,10.68,12.35,12.38
"2016-10-31 01:00:00",1837,12.29,12.19,10.51,12.21,10.37,10.52,12.39,12.42
"2016-10-31 02:00:00",1838,12.28,12.17,10.63,12.2,10.52,10.67,12.49,12.53
"2016-10-31 03:00:00",1839,12.26,12.14,10.44,12.18,10.27,10.43,12.36,12.39
"2016-10-31 04:00:00",1840,12.24,12.13,10.03,12.15,9.83,9.99,12.2,12.24
"2016-10-31 05:00:00",1841,12.21,12.09,9.71,12.12,9.54,9.7,12.19,12.23
"2016-10-31 06:00:00",1842,12.18,12.06,9.44,12.1,9.25,9.41,12.13,12.17
"2016-10-31 07:00:00",1843,12.16,12.07,9.12,12.08,8.92,9.08,12.23,12.26
"2016-10-31 08:00:00",1844,12.16,12.06,8.93,12.07,8.77,8.93,12.44,12.48
"2016-10-31 09:00:00",1845,12.16,12.06,9.24,12.08,9.14,9.3,12.62,12.65
"2016-10-31 10:00:00",1846,12.26,12.07,9.61,12.17,9.54,9.7,12.71,12.75
"2016-10-31 11:00:00",1847,12.51,12.3,9.95,12.43,9.91,10.07,12.78,12.82
"2016-10-31 12:00:00",1848,12.82,12.58,10.2,12.73,10.21,10.37,12.87,12.91
"2016-10-31 13:00:00",1849,13.06,12.8,10.51,12.97,10.6,10.76,12.98,13.01
"2016-10-31 14:00:00",1850,13.08,12.8,10.74,12.99,10.82,10.98,13.12,13.15
"2016-10-31 15:00:00",1851,13.12,12.83,10.99,13.03,11.08,11.23,13.18,13.22
"2016-10-31 16:00:00",1852,12.84,12.69,11.06,12.76,11.07,11.22,13,13.04
"2016-10-31 17:00:00",1853,12.8,12.57,11.13,12.71,11.1,11.25,13.04,13.07
"2016-10-31 18:00:00",1854,12.53,12.34,11.09,12.45,10.97,11.13,12.91,12.94
"2016-10-31 19:00:00",1855,12.39,12.29,10.79,12.31,10.61,10.77,12.97,13.01
"2016-10-31 20:00:00",1856,12.36,12.26,10.43,12.27,10.23,10.39,12.84,12.88
"2016-10-31 21:00:00",1857,12.32,12.22,10.12,12.24,9.92,10.09,12.86,12.9
"2016-10-31 22:00:00",1858,12.28,12.18,9.95,12.21,9.78,9.94,12.87,12.91
"2016-10-31 23:00:00",1859,12.25,12.14,9.81,12.17,9.64,9.8,12.78,12.82
