"TOA5","Buchillon","CR6","2688","CR6.Std.03","CPU:buchillon_v2_1.CR6","10245","LoggerSensor"
"TIMESTAMP","RECORD","BattV_Avg","BattV_Min","PTemp_C_Avg","CDM1BattV_Avg","CDM1PTempC1_Avg","CDM1PTempC2_Avg","WaterTemp0mKT15a_Avg","WaterTemp0mKT15n_Avg"
"TS","RN","Volts","Volts","Deg C","Volts","Deg C","Deg C","Deg C","Deg C"
"","","Avg","Min","Avg","Avg","Avg","Avg","Avg","Avg"
"2016-11-01 00:00:00",1860,12.21,12.09,9.71,12.13,9.55,9.71,12.9,12.94
"2016-11-01 01:00:00",1861,12.18,12.06,9.63,12.09,9.47,9.63,12.84,12.88
"2016-11-01 02:00:00",1862,12.16,12.06,9.56,12.07,9.4,9.56,12.83,12.87
"2016-11-01 03:00:00",1863,12.15,12.03,9.43,12.06,9.26,9.43,12.87,12.91
"2016-11-01 04:00:00",1864,12.15,12.06,9.34,12.06,9.18,9.34,12.87,12.91
"2016-11-01 05:00:00",1865,12.14,12.03,9.28,12.06,9.12,9.29,12.87,12.91
"2016-11-01 06:00:00",1866,12.13,12.03,9.25,12.05,9.1,9.26,12.95,12.99
"2016-11-01 07:00:00",1867,12.13,12.05,9.18,12.05,9.03,9.19,12.98,13.02
"2016-11-01 08:00:00",1868,12.13,12.03,9.13,12.05,8.98,9.14,12.82,12.86
"2016-11-01 09:00:00",1869,12.12,12.03,9.03,12.04,8.87,9.03,12.62,12.65
"2016-11-01 10:00:00",1870,12.16,12.03,9.05,12.07,8.93,9.09,12.66,12.7
"2016-11-01 11:00:00",1871,12.27,12.09,9.17,12.18,9.07,9.24,12.71,12.74
"2016-11-01 12:00:00",1872,12.59,12.3,9.24,12.51,9.15,9.32,12.68,12.72
"2016-11-01 13:00:00",1873,12.82,12.66,9.35,12.74,9.34,9.5,12.61,12.65
"2016-11-01 14:00:00",1874,12.87,12.72,9.58,12.79,9.64,9.81,12.75,12.78
"2016-11-01 15:00:00",1875,13.14,12.89,9.83,13.05,9.97,10.13,12.94,12.97
"2016-11-01 16:00:00",1876,13.34,13.24,10.17,13.25,10.54,10.63,12.56,12.59
"2016-11-01 17:00:00",1877,13.35,13.24,10.72,13.27,11.15,11.24,12.57,12.6
"2016-11-01 18:00:00",1878,13.29,12.81,11.01,13.19,11.22,11.36,12.42,12.45
"2016-11-01 19:00:00",1879,12.57,12.38,10.67,12.49,10.56,10.73,11.97,12
"2016-11-01 20:00:00",1880,12.42,12.29,9.24,12.34,8.87,9.03,11.79,11.83
"2016-11-01 21:00:00",1881,12.37,12.26,8.18,12.29,7.858,8.02,11.8,11.84
"2016-11-01 22:00:00",1882,12.35,12.25,7.614,12.26,7.36,7.522,11.77,11.81
"2016-11-01 23:00:00",1883,12.32,12.22,7.341,12.24,7.123,7.285,11.75,11.79
"2016-11-02 00:00:00",1884,12.29,12.19,7.12,12.22,6.919,7.082,11.69,11.73
"2016-11-02 01:00:00",1885,12.28,12.18,7.045,12.2,6.873,7.037,11.64,11.68
"2016-11-02 02:00:00",1886,12.26,12.14,7.157,12.18,7.015,7.177,11.71,11.75
"2016-11-02 03:00:00",1887,12.24,12.13,7.147,12.16,6.983,7.145,11.74,11.77
"2016-11-02 04:00:00",1888,12.23,12.11,7.104,12.14,6.953,7.116,11.78,11.82
"2016-11-02 05:00:00",1889,12.2,12.07,7.438,12.11,7.378,7.532,11.44,11.48
"2016-11-02 06:00:00",1890,12.17,12.06,7.47,12.09,7.307,7.468,11.6,11.63
"2016-11-02 07:00:00",1891,12.14,12.03,7.357,12.06,7.197,7.356,11.48,11.52
"2016-11-02 08:00:00",1892,12.12,12.02,7.173,12.03,6.995,7.155,11.51,11.55
"2016-11-02 09:00:00",1893,12.17,12.02,6.995,12.08,6.834,6.999,11.91,11.95
"2016-11-02 10:00:00",1894,13.12,12.35,7.588,13.04,7.746,7.884,12.04,12.08
"2016-11-02 11:00:00",1895,13.32,13.23,10.19,13.24,10.79,10.91,12.36,12.4
"2016-11-02 12:00:00",1896,13.3,13.22,13.05,13.22,13.73,13.85,12.74,12.78
"2016-11-02 13:00:00",1897,13.3,13.2,14.41,13.21,14.91,15.06,13.15,13.18
"2016-11-02 14:00:00",1898,13.32,13.19,14.07,13.24,14.27,14.44,13.06,13.09
"2016-11-02 15:00:00",1899,13.33,13.2,13.78,13.25,13.97,14.1,13.25,13.28
"2016-11-02 16:00:00",1900,13.33,13.23,13.6,13.26,13.73,13.85,13.26,13.29
"2016-11-02 17:00:00",1901,13.33,13.23,13.74,13.26,13.86,13.99,13.24,13.28
"2016-11-02 18:00:00",1902,13.32,12.93,13.96,13.23,14.07,14.21,13.14,13.17
"2016-11-02 19:00:00",1903,12.62,12.37,13.68,12.54,13.53,13.69,12.62,12.65
"2016-11-02 20:00:00",1904,12.42,12.3,12.54,12.34,12.21,12.36,12.55,12.59
"2016-11-02 21:00:00",1905,12.38,12.29,11.55,12.3,11.23,11.39,12.45,12.49
"2016-11-02 22:00:00",1906,12.36,12.26,11.03,12.28,10.81,10.97,12.62,12.66
"2016-11-02 23:00:00",1907,12.35,12.25,11.1,12.26,10.95,11.11,12.72,12.75
"2016-11-03 00:00:00",1908,12.34,12.22,10.99,12.25,10.81,10.97,12.63,12.66
"2016-11-03 01:00:00",1909,12.31,12.22,10.9,12.24,10.74,10.9,12.6,12.64
"2016-11-03 02:00:00",1910,12.29,12.18,10.94,12.22,10.8,10.96,12.6,12.63
"2016-11-03 03:00:00",1911,12.28,12.19,10.8,12.21,10.62,10.78,12.46,12.5
"2016-11-03 04:00:00",1912,12.28,12.18,10.66,12.2,10.49,10.65,12.45,12.49
"2016-11-03 05:00:00",1913,12.27,12.16,10.45,12.19,10.26,10.42,12.32,12.36
"2016-11-03 06:00:00",1914,12.25,12.15,10.13,12.17,9.93,10.09,12.34,12.38
"2016-11-03 07:00:00",1915,12.24,12.11,9.52,12.15,9.27,9.42,11.68,11.72
"2016-11-03 08:00:00",1916,12.22,12.11,8.88,12.13,8.64,8.8,11.69,11.72
"2016-11-03 09:00:00",1917,12.24,12.1,8.78,12.16,8.62,8.77,12.09,12.13
"2016-11-03 10:00:00",1918,13.14,12.31,9.52,13.07,9.61,9.78,11.93,11.97
"2016-11-03 11:00:00",1919,13.32,13.23,12.06,13.23,12.35,12.52,12.07,12.1
"2016-11-03 12:00:00",1920,13.33,13.23,13.15,13.25,13.21,13.41,12.27,12.31
"2016-11-03 13:00:00",1921,13.34,13.24,13.25,13.26,13.22,13.41,12.34,12.37
"2016-11-03 14:00:00",1922,13.36,13.24,13.2,13.27,13.19,13.35,12.4,12.43
"2016-11-03 15:00:00",1923,13.37,13.27,12.95,13.28,12.97,13.09,12.54,12.57
"2016-11-03 16:00:00",1924,13.37,13.27,12.78,13.28,12.87,12.98,12.59,12.62
"2016-11-03 17:00:00",1925,13.37,13.25,12.83,13.28,13.06,13.15,12.58,12.61
"2016-11-03 18:00:00",1926,13.35,12.92,12.89,13.25,13.07,13.2,12.42,12.46
"2016-11-03 19:00:00",1927,12.59,12.34,11.91,12.51,11.67,11.84,11.82,11.86
"2016-11-03 20:00:00",1928,12.39,12.29,10.18,12.31,9.76,9.91,11.46,11.5
"2016-11-03 21:00:00",1929,12.36,12.26,9.03,12.28,8.68,8.83,11.43,11.47
"2016-11-03 22:00:00",1930,12.34,12.23,8.49,12.25,8.24,8.39,11.37,11.41
"2016-11-03 23:00:00",1931,12.3,12.21,8.17,12.23,7.938,8.09,11.34,11.37
"2016-11-04 00:00:00",1932,12.29,12.19,7.851,12.21,7.62,7.777,11.3,11.34
"2016-11-04 01:00:00",1933,12.28,12.18,7.325,12.2,7.06,7.22,11.41,11.45
"2016-11-04 02:00:00",1934,12.26,12.15,6.76,12.18,6.481,6.639,11.06,11.1
"2016-11-04 03:00:00",1935,12.24,12.14,6.142,12.16,5.86,6.023,11.06,11.09
"2016-11-04 04:00:00",1936,12.23,12.11,5.438,12.14,5.128,5.293,10.95,10.99
"2016-11-04 05:00:00",1937,12.2,12.08,4.641,12.12,4.322,4.488,10.87,10.91
"2016-11-04 06:00:00",1938,12.17,12.07,3.995,12.09,3.716,3.885,10.74,10.78
"2016-11-04 07:00:00",1939,12.15,12.03,3.661,12.07,3.429,3.599,10.79,10.84
"2016-11-04 08:00:00",1940,12.12,12.03,3.474,12.04,3.269,3.44,10.95,10.99
"2016-11-04 09:00:00",1941,12.28,12.02,3.462,12.19,3.306,3.485,11.68,11.72
"2016-11-04 10:00:00",1942,13.4,13.28,5.909,13.3,6.245,6.428,12.19,12.24
"2016-11-04 11:00:00",1943,13.41,13.28,8.22,13.3,8.76,8.9,12.09,12.13
"2016-11-04 12:00:00",1944,13.4,13.28,9.92,13.29,10.47,10.62,11.97,12.01
"2016-11-04 13:00:00",1945,13.38,13.27,10.77,13.29,11.21,11.36,12.8,12.83
"2016-11-04 14:00:00",1946,13.38,13.27,12.07,13.29,12.01,12.25,12.48,12.51
"2016-11-04 15:00:00",1947,13.38,13.27,11.56,13.29,11.56,11.71,12.25,12.28
"2016-11-04 16:00:00",1948,13.39,13.27,11.51,13.3,11.7,11.84,12.38,12.41
"2016-11-04 17:00:00",0,13.18,0,11.81,"NAN","NAN","NAN",11.18,11.21
"2016-11-07 11:00:00",0,2.522,0,1.973,"NAN","NAN","NAN",2.313,2.32
"2016-11-14 14:00:00",0,12.03,0,7.593,"NAN","NAN","NAN",9.79,9.83
"2016-11-24 17:00:00",0,12.13,0,13.17,12.04,11.73,11.91,9.18,9.21
"2016-11-24 18:00:00",1,12.22,12.11,11.67,12.13,11.08,11.25,10.18,10.21
"2016-11-24 19:00:00",2,12.18,12.07,10.58,12.1,10.14,10.31,10,10.03
"2016-11-24 20:00:00",3,12.16,12.07,10,12.08,9.64,9.8,10.14,10.17
"2016-11-24 21:00:00",4,12.13,12.03,10.14,12.05,9.9,10.05,10.03,10.07
"2016-11-24 22:00:00",5,12.11,12.02,10.16,12.03,9.89,10.05,9.92,9.95
"2016-11-24 23:00:00",6,12.08,12,9.8,12,9.48,9.64,9.72,9.75
"2016-11-25 00:00:00",7,12.05,11.95,9.84,11.98,9.63,9.78,9.95,9.99
"2016-11-25 01:00:00",8,12.04,11.94,9.9,11.96,9.64,9.8,9.83,9.87
"2016-11-25 02:00:00",9,12.01,11.91,9.6,11.93,9.29,9.45,9.85,9.89
"2016-11-25 03:00:00",10,12,11.87,8.95,11.9,8.59,8.76,9.99,10.03
"2016-11-25 04:00:00",11,11.96,11.87,8.68,11.88,8.37,8.54,10.11,10.14
"2016-11-25 05:00:00",12,11.94,11.87,8.49,11.86,8.18,8.35,9.9,9.93
"2016-11-25 06:00:00",13,11.93,11.83,8.35,11.84,8.06,8.22,10,10.03
"2016-11-25 07:00:00",14,11.92,11.79,8.28,11.84,8,8.17,10.06,10.09
"2016-11-25 08:00:00",15,11.9,11.8,8.33,11.83,8.07,8.24,10.21,10.25
"2016-11-25 09:00:00",16,11.9,11.79,8.35,11.82,8.09,8.26,10.12,10.15
"2016-11-25 10:00:00",17,11.9,11.79,8.45,11.82,8.21,8.38,10.21,10.25
"2016-11-25 11:00:00",18,11.97,11.84,8.68,11.88,8.48,8.65,10.3,10.33
"2016-11-25 13:00:00",19,12.26,12.22,9.4,12.2,9.59,9.72,5.314,5.33
"2016-11-25 12:00:00",20,12.29,12.15,9.52,12.22,9.62,9.77,10.4,10.43
"2016-11-25 13:00:00",21,12.17,12.02,9.62,12.08,9.5,9.66,10.42,10.45
"2016-11-25 14:00:00",22,12.1,12,9.61,12.02,9.37,9.54,10.46,10.49
"2016-11-25 15:00:00",23,12.16,12.01,9.65,12.09,9.46,9.62,10.47,10.5
"2016-11-25 16:00:00",24,12.05,11.92,9.73,11.97,9.51,9.67,10.49,10.52
"2016-11-25 17:00:00",25,11.96,11.84,9.7,11.87,9.44,9.61,10.37,10.41
"2016-11-25 18:00:00",26,11.92,11.83,9.57,11.83,9.3,9.47,10.39,10.42
"2016-11-25 19:00:00",27,11.9,11.8,9.47,11.82,9.2,9.37,10.34,10.38
"2016-11-25 20:00:00",28,11.89,11.8,9.44,11.82,9.18,9.35,10.42,10.45
"2016-11-25 21:00:00",29,11.89,11.79,9.41,11.82,9.15,9.31,10.27,10.3
"2016-11-25 22:00:00",30,11.89,11.79,9.31,11.81,9.04,9.21,10.28,10.32
"2016-11-25 23:00:00",31,11.89,11.79,9.27,11.81,9.01,9.17,10.19,10.22
"2016-11-26 00:00:00",32,11.89,11.79,9.18,11.81,8.91,9.07,10.22,10.26
"2016-11-26 01:00:00",33,11.89,11.79,9.09,11.8,8.83,8.99,10.13,10.17
"2016-11-26 02:00:00",34,11.89,11.79,9.08,11.8,8.82,8.99,10.14,10.17
"2016-11-26 03:00:00",35,11.88,11.79,9,11.8,8.72,8.89,10.04,10.07
"2016-11-26 04:00:00",36,11.88,11.78,8.84,11.8,8.57,8.73,10.02,10.05
"2016-11-26 05:00:00",37,11.88,11.77,8.78,11.79,8.52,8.68,10.13,10.16
"2016-11-26 06:00:00",38,11.87,11.76,8.71,11.79,8.45,8.61,9.97,10
"2016-11-26 07:00:00",39,11.86,11.75,8.61,11.79,8.35,8.52,10.15,10.19
"2016-11-26 08:00:00",40,11.85,11.75,8.55,11.78,8.25,8.42,9.76,9.79
"2016-11-26 09:00:00",41,11.86,11.75,8.19,11.78,7.888,8.06,9.94,9.97
"2016-11-26 10:00:00",42,11.95,11.79,8.37,11.86,8.17,8.34,10.14,10.17
"2016-11-26 11:00:00",43,11.92,11.82,8.79,11.84,8.65,8.81,10.33,10.36
"2016-11-26 12:00:00",44,12.02,11.87,9.2,11.93,9.06,9.23,10.45,10.48
"2016-11-26 13:00:00",45,12.27,12.05,9.45,12.2,9.35,9.52,10.52,10.56
"2016-11-26 14:00:00",46,12.56,12.34,9.89,12.48,9.97,10.12,10.56,10.59
"2016-11-26 15:00:00",47,12.49,12.38,10.3,12.42,10.41,10.56,10.64,10.67
"2016-11-26 16:00:00",48,12.64,12.42,10.42,12.56,10.47,10.61,10.03,10.06
"2016-11-26 17:00:00",49,12.46,12.18,10.37,12.38,10.38,10.53,9.71,9.74
"2016-11-26 18:00:00",50,12.22,12.11,9.37,12.14,8.96,9.14,9.5,9.53
"2016-11-26 19:00:00",51,12.16,12.07,8.48,12.09,8.12,8.29,9.98,10.01
"2016-11-26 20:00:00",52,12.12,12.03,8.1,12.04,7.75,7.917,9.36,9.39
"2016-11-26 21:00:00",53,12.08,11.99,7.912,12.01,7.646,7.816,9.95,9.99
"2016-11-26 22:00:00",54,12.04,11.94,8.38,11.98,8.18,8.35,10.22,10.26
"2016-11-26 23:00:00",55,12.02,11.91,8.59,11.95,8.35,8.52,10.2,10.23
"2016-11-27 00:00:00",56,12,11.87,8.51,11.91,8.23,8.4,10.19,10.23
"2016-11-27 01:00:00",57,11.95,11.87,8.32,11.88,8.04,8.21,10.17,10.21
"2016-11-27 02:00:00",58,11.93,11.84,8.17,11.85,7.88,8.05,10.05,10.08
"2016-11-27 03:00:00",59,11.9,11.79,7.999,11.82,7.71,7.881,10.01,10.05
"2016-11-27 04:00:00",60,11.88,11.78,7.877,11.8,7.597,7.767,9.95,9.99
"2016-11-27 05:00:00",61,11.86,11.75,7.722,11.79,7.43,7.602,9.99,10.02
"2016-11-27 06:00:00",62,11.85,11.75,7.632,11.78,7.364,7.535,9.88,9.92
"2016-11-27 07:00:00",63,11.85,11.75,7.674,11.77,7.419,7.59,9.99,10.03
"2016-11-27 08:00:00",64,11.85,11.75,7.655,11.77,7.388,7.559,9.92,9.96
"2016-11-27 09:00:00",65,11.85,11.75,7.658,11.77,7.4,7.573,9.97,10
"2016-11-27 10:00:00",66,11.89,11.75,7.672,11.81,7.42,7.593,9.98,10.02
"2016-11-27 11:00:00",67,12.58,11.95,7.771,12.51,7.675,7.844,9.77,9.81
"2016-11-27 12:00:00",68,12.99,12.65,8.38,12.91,8.72,8.86,9.81,9.84
"2016-11-27 13:00:00",69,13.15,13.07,9.73,13.06,10.46,10.59,9.77,9.8
"2016-11-27 14:00:00",70,13.17,13.11,9.99,13.08,10.43,10.63,9.81,9.85
"2016-11-27 15:00:00",71,13.19,13.12,9.88,13.11,10.3,10.48,9.95,9.98
"2016-11-27 16:00:00",72,12.85,12.54,10.05,12.77,10.24,10.42,9.92,9.95
"2016-11-27 17:00:00",73,12.53,12.3,9.38,12.45,9.13,9.31,9.74,9.78
"2016-11-27 18:00:00",74,12.36,12.26,8.43,12.27,8.08,8.25,9.64,9.67
"2016-11-27 19:00:00",75,12.33,12.23,8.22,12.24,7.97,8.14,10.05,10.08
"2016-11-27 20:00:00",76,12.29,12.21,8.59,12.21,8.39,8.55,9.7,9.73
"2016-11-27 21:00:00",77,12.28,12.18,8.8,12.19,8.6,8.77,10.12,10.15
"2016-11-27 22:00:00",78,12.27,12.18,9.01,12.18,8.79,8.96,10.17,10.2
"2016-11-27 23:00:00",79,12.25,12.15,9.07,12.17,8.83,8.99,10.13,10.17
"2016-11-28 00:00:00",80,12.24,12.14,9.02,12.16,8.75,8.92,10.14,10.17
"2016-11-28 01:00:00",81,12.23,12.14,8.78,12.14,8.49,8.65,10.03,10.06
"2016-11-28 02:00:00",82,12.21,12.11,8.44,12.13,8.14,8.31,9.98,10.02
"2016-11-28 03:00:00",83,12.2,12.1,8.22,12.12,7.944,8.11,9.93,9.97
"2016-11-28 04:00:00",84,12.19,12.09,8.1,12.11,7.821,7.99,9.93,9.97
"2016-11-28 05:00:00",85,12.17,12.06,7.927,12.1,7.638,7.809,9.87,9.9
"2016-11-28 06:00:00",86,12.16,12.07,7.625,12.09,7.31,7.484,9.78,9.81
"2016-11-28 07:00:00",87,12.16,12.06,7.244,12.08,6.924,7.098,9.54,9.58
"2016-11-28 08:00:00",88,12.14,12.06,6.915,12.06,6.603,6.777,9.64,9.67
"2016-11-28 09:00:00",89,12.14,12.05,6.653,12.06,6.352,6.527,9.49,9.53
"2016-11-28 10:00:00",90,12.6,12.08,6.495,12.52,6.248,6.427,8.98,9.02
"2016-11-28 11:00:00",91,13.29,12.97,7.159,13.21,7.221,7.409,8.97,9.01
"2016-11-28 12:00:00",92,13.3,13.12,7.608,13.22,7.609,7.807,9.08,9.12
"2016-11-28 13:00:00",93,13.29,13.19,7.556,13.22,7.707,7.867,9.17,9.21
"2016-11-28 14:00:00",94,13.19,12.8,7.601,13.12,7.756,7.924,9.2,9.24
"2016-11-28 15:00:00",95,12.69,12.49,7.236,12.63,7.262,7.424,9.32,9.36
"2016-11-28 16:00:00",96,12.44,12.27,6.749,12.37,6.67,6.825,9.45,9.48
"2016-11-28 17:00:00",97,12.32,12.24,6.358,12.25,6.208,6.368,9.48,9.52
"2016-11-28 18:00:00",98,12.29,12.2,5.955,12.22,5.675,5.85,9.38,9.42
"2016-11-28 19:00:00",99,12.28,12.18,5.583,12.2,5.257,5.434,9.28,9.32
"2016-11-28 20:00:00",100,12.25,12.15,5.105,12.18,4.749,4.927,9.2,9.24
"2016-11-28 21:00:00",101,12.24,12.14,4.586,12.15,4.23,4.409,9.2,9.24
"2016-11-28 22:00:00",102,12.22,12.1,4.133,12.14,3.782,3.962,9.08,9.12
"2016-11-28 23:00:00",103,12.2,12.09,3.714,12.12,3.366,3.546,9.05,9.09
"2016-11-29 00:00:00",104,12.18,12.07,3.313,12.1,2.972,3.152,9.05,9.09
"2016-11-29 01:00:00",105,12.16,12.06,3.023,12.09,2.703,2.883,8.92,8.96
"2016-11-29 02:00:00",106,12.16,12.07,2.856,12.07,2.552,2.732,8.92,8.96
"2016-11-29 03:00:00",107,12.13,12.05,2.725,12.06,2.428,2.608,8.85,8.89
"2016-11-29 04:00:00",108,12.13,12.03,2.587,12.05,2.29,2.471,8.79,8.83
"2016-11-29 05:00:00",109,12.11,12.03,2.448,12.03,2.152,2.333,8.79,8.83
"2016-11-29 06:00:00",110,12.1,12.03,2.308,12.02,2.016,2.198,8.78,8.81
"2016-11-29 07:00:00",111,12.09,12.02,2.275,12.01,2.001,2.184,8.82,8.86
"2016-11-29 08:00:00",112,12.08,12,2.271,12,1.999,2.182,8.84,8.89
"2016-11-29 08:00:00",113,12.07,12,2.241,12,1.979,2.165,8.82,8.86
"2016-11-29 09:00:00",114,12.12,12.02,2.306,12.05,2.062,2.249,8.93,8.97
"2016-11-29 10:00:00",115,12.43,12.07,2.556,12.35,2.372,2.557,8.99,9.03
"2016-11-29 11:00:00",116,13.23,12.7,3.024,13.14,3.015,3.191,9.02,9.06
"2016-11-29 12:00:00",117,13.41,13.28,3.475,13.32,3.6,3.775,8.75,8.79
"2016-11-29 13:00:00",118,13.37,12.97,3.873,13.28,3.965,4.146,8.9,8.94
"2016-11-29 14:00:00",119,13.42,13.32,4.098,13.33,4.278,4.434,8.82,8.86
"2016-11-29 15:00:00",120,13.14,12.71,4.252,13.06,4.305,4.476,8.61,8.65
"2016-11-29 16:00:00",121,12.73,12.3,3.924,12.65,3.794,3.969,8.63,8.67
"2016-11-29 17:00:00",122,12.34,12.23,3.264,12.26,2.923,3.107,8.32,8.36
"2016-11-29 18:00:00",123,12.28,12.18,2.561,12.21,2.218,2.397,8.14,8.18
"2016-11-29 19:00:00",124,12.25,12.15,2.209,12.18,1.899,2.078,8.06,8.11
"2016-11-29 20:00:00",125,12.24,12.12,1.973,12.16,1.681,1.86,8.06,8.1
"2016-11-29 21:00:00",126,12.22,12.11,1.834,12.13,1.551,1.731,8,8.05
"2016-11-29 22:00:00",127,12.2,12.09,1.698,12.12,1.406,1.587,7.992,8.03
"2016-11-29 23:00:00",128,12.17,12.06,1.471,12.1,1.164,1.345,7.919,7.955
"2016-11-30 00:00:00",129,12.16,12.06,1.17,12.08,0.848,1.031,7.808,7.855
"2016-11-30 01:00:00",130,-128,-104.1,425.9,-7986,0,0,-512,0
"2016-11-30 02:00:00",131,12.12,12.03,0.867,12.05,0.496,0.68,7.769,7.814
"2016-11-30 03:00:00",132,12.11,12.03,0.463,12.04,0.11,0.294,7.751,7.789
"2016-11-30 04:00:00",133,12.09,12.02,0.01,12.02,-0.337,-0.154,7.592,7.636
"2016-11-30 05:00:00",134,12.06,11.98,-0.165,12,-0.474,-0.289,7.565,7.605
"2016-11-30 06:00:00",135,12.05,11.95,-0.164,11.98,-0.437,-0.247,7.96,8
"2016-11-30 07:00:00",136,12.05,11.95,0.341,11.97,0.149,0.341,8.46,8.5
"2016-11-30 08:00:00",137,12.05,11.95,0.955,11.96,0.768,0.956,8.53,8.57
"2016-11-30 09:00:00",138,12.05,11.95,1.462,11.97,1.238,1.428,8.5,8.54
"2016-11-30 10:00:00",139,12.23,12,1.843,12.14,1.624,1.808,8.23,8.27
"2016-11-30 11:00:00",140,12.6,12.26,2.303,12.52,2.285,2.449,8.54,8.57
"2016-11-30 12:00:00",141,422.5,-104.1,-4.171,-5,0,0,-3072,0
"2016-11-30 13:00:00",142,12.9,0,7.587,12.83,7.541,7.659,5.821,5.856
"2016-11-30 14:00:00",143,13.39,13.21,7.345,13.31,7.268,7.364,8.9,8.93
"2016-11-30 15:00:00",144,422.4,-104.1,8.7,-30.6,0,0,-3584,0
"2016-11-30 16:00:00",145,13.13,0,-0.41,12.9,-0.487,-0.341,5.76,5.791
"2016-11-30 17:00:00",146,13.55,13.29,2.072,13.4,2.16,2.308,8.02,8.07
