"TOA5","Buchillon","CR6","2688","CR6.Std.03","CPU:buchillon_v2_1.CR6","10245","LoggerSensor"
"TIMESTAMP","RECORD","BattV_Avg","BattV_Min","PTemp_C_Avg","CDM1BattV_Avg","CDM1PTempC1_Avg","CDM1PTempC2_Avg","WaterTemp0mKT15a_Avg","WaterTemp0mKT15n_Avg"
"TS","RN","Volts","Volts","Deg C","Volts","Deg C","Deg C","Deg C","Deg C"
"","","Avg","Min","Avg","Avg","Avg","Avg","Avg","Avg"
"2016-09-08 13:00:00",577,13.18,13.11,24.89,13.1,24.84,25.05,21.29,21.32
"2016-09-08 14:00:00",578,13.19,13.11,24.22,13.11,24.12,24.29,21.45,21.48
"2016-09-08 15:00:00",579,13.2,13.11,23.45,"NAN","NAN","NAN",21.84,21.88
"2016-09-08 16:00:00",580,13.2,13.11,23.27,13.12,23.29,23.4,21.91,21.94
"2016-09-08 17:00:00",581,13.2,13.11,23.59,13.12,23.77,23.87,21.78,21.81
"2016-09-08 18:00:00",582,13.19,13.11,24.16,13.11,24.34,24.45,21.8,21.83
"2016-09-08 19:00:00",583,13.05,12.79,24.87,12.97,25.02,25.14,21.79,21.81
"2016-09-08 20:00:00",584,12.67,12.38,25.32,12.59,25.32,25.46,21.73,21.76
"2016-09-08 21:00:00",585,12.43,12.3,24.09,12.35,23.7,23.85,21.53,21.56
"2016-09-08 22:00:00",586,12.39,12.29,22.97,12.32,22.73,22.84,21.61,21.65
"2016-09-08 23:00:00",587,12.37,12.29,22.81,12.31,22.65,22.78,21.58,21.61
"2016-09-09 00:00:00",588,12.36,12.26,22.21,12.29,21.9,22.03,21.41,21.45
"2016-09-09 01:00:00",589,12.35,12.25,20.64,12.27,20.2,20.33,21.55,21.59
"2016-09-09 02:00:00",590,12.33,12.22,19.38,12.25,19.02,19.16,21.49,21.53
"2016-09-09 03:00:00",591,12.3,12.2,18.85,12.22,18.59,18.72,21.38,21.42
"2016-09-09 04:00:00",592,12.27,12.18,18.39,12.19,18.14,18.28,21.28,21.31
"2016-09-09 05:00:00",593,12.25,12.14,17.97,12.17,17.74,17.88,21.12,21.16
"2016-09-09 06:00:00",594,12.23,12.1,17.56,12.14,17.33,17.47,21,21.04
"2016-09-09 07:00:00",595,12.2,12.08,17.14,12.11,16.9,17.05,21.03,21.07
"2016-09-09 08:00:00",596,12.54,12.06,17.34,12.46,17.27,17.43,21.05,21.09
"2016-09-09 09:00:00",597,13.19,13.11,20.27,13.11,20.69,20.84,20.93,20.96
"2016-09-09 10:00:00",598,13.17,13.1,22.83,13.09,23.36,23.5,20.99,21.03
"2016-09-09 11:00:00",599,13.17,13.1,23.98,13.1,24.51,24.66,21.09,21.12
"2016-09-09 12:00:00",600,13.18,13.11,24.7,13.1,25.09,25.23,21.28,21.31
"2016-09-09 13:00:00",601,13.18,13.11,25.09,13.09,25.17,25.35,21.55,21.58
"2016-09-09 14:00:00",602,13.18,13.1,24.95,13.1,24.88,25.05,21.92,21.95
"2016-09-09 15:00:00",603,13.19,13.11,24.42,13.1,24.39,24.49,22.63,22.66
"2016-09-09 16:00:00",604,13.2,13.1,24.35,13.11,24.56,24.63,22.79,22.82
"2016-09-09 17:00:00",605,13.19,13.11,25.06,13.1,25.37,25.43,23.01,23.03
"2016-09-09 18:00:00",606,13.18,13.09,25.9,13.09,26.21,26.27,22.98,23.01
"2016-09-09 19:00:00",607,13.06,12.8,26.85,12.97,27.13,27.21,22.65,22.68
"2016-09-09 20:00:00",608,12.66,12.38,27.47,12.58,27.64,27.75,22.33,22.36
"2016-09-09 21:00:00",609,12.44,12.33,25.85,12.36,25.38,25.52,21.29,21.32
"2016-09-09 22:00:00",610,12.4,12.29,23.79,12.33,23.33,23.45,20.96,20.99
"2016-09-09 23:00:00",611,12.38,12.29,22.88,12.31,22.57,22.7,20.96,21
"2016-09-10 00:00:00",612,12.37,12.25,22.26,12.29,21.97,22.09,20.85,20.89
"2016-09-10 01:00:00",613,12.35,12.25,21.49,12.27,21.17,21.3,20.8,20.84
"2016-09-10 02:00:00",614,12.34,12.24,20.51,12.25,20.16,20.29,20.75,20.79
"2016-09-10 03:00:00",615,12.3,12.21,19.5,12.22,19.16,19.3,20.66,20.7
"2016-09-10 04:00:00",616,12.27,12.18,18.65,12.2,18.34,18.48,20.69,20.73
"2016-09-10 05:00:00",617,12.24,12.13,17.99,12.17,17.71,17.85,20.63,20.67
"2016-09-10 06:00:00",618,12.23,12.09,17.54,12.13,17.29,17.44,20.71,20.75
"2016-09-10 07:00:00",619,12.19,12.06,17.13,12.11,16.9,17.04,20.81,20.85
"2016-09-10 08:00:00",620,12.5,12.06,17.07,12.42,16.95,17.1,20.8,20.84
"2016-09-10 09:00:00",621,13.21,13.11,19.54,13.12,19.91,20.06,20.78,20.82
"2016-09-10 10:00:00",622,13.18,13.11,22.53,13.1,23.18,23.32,20.62,20.65
"2016-09-10 11:00:00",623,13.17,13.11,24.2,13.09,24.71,24.88,20.79,20.82
"2016-09-10 12:00:00",624,13.17,13.1,24.97,13.09,25.26,25.43,21.25,21.28
"2016-09-10 13:00:00",625,13.17,13.11,25.47,13.09,25.45,25.66,21.53,21.56
"2016-09-10 14:00:00",626,13.17,13.11,25.29,13.09,25.26,25.41,21.76,21.79
"2016-09-10 15:00:00",627,13.17,13.1,24.88,13.1,25.01,25.09,22.17,22.19
"2016-09-10 16:00:00",628,13.18,13.1,24.88,13.1,25.08,25.14,22.79,22.82
"2016-09-10 17:00:00",629,13.18,13.11,25.56,13.09,25.9,25.95,22.99,23.02
"2016-09-10 18:00:00",630,13.17,13.09,26.46,13.08,26.8,26.87,23.35,23.37
"2016-09-10 19:00:00",631,13.11,12.88,26.99,13.02,27.12,27.22,23.05,23.08
"2016-09-10 20:00:00",632,12.68,12.37,26.28,12.6,26.11,26.25,22.69,22.72
"2016-09-10 21:00:00",633,12.43,12.32,24.58,12.35,24.17,24.3,22.09,22.12
"2016-09-10 22:00:00",634,12.39,12.28,23.28,12.32,22.94,23.07,21.78,21.81
"2016-09-10 23:00:00",635,12.38,12.28,22.42,12.3,22.08,22.21,21.82,21.86
"2016-09-11 00:00:00",636,12.36,12.25,21.51,12.28,21.21,21.34,21.65,21.69
"2016-09-11 01:00:00",637,12.35,12.25,21.62,12.27,21.52,21.65,21.55,21.58
"2016-09-11 02:00:00",638,12.34,12.21,21.36,12.25,21.08,21.21,21.53,21.57
"2016-09-11 03:00:00",639,12.31,12.21,20.19,12.23,19.85,19.98,21.51,21.54
"2016-09-11 04:00:00",640,12.28,12.18,19.38,12.2,19.09,19.23,21.62,21.65
"2016-09-11 05:00:00",641,12.26,12.14,18.81,12.17,18.55,18.69,21.7,21.73
"2016-09-11 06:00:00",642,12.23,12.12,18.29,12.14,18.04,18.18,21.65,21.68
"2016-09-11 07:00:00",643,12.2,12.09,17.89,12.12,17.66,17.8,21.63,21.67
"2016-09-11 08:00:00",644,12.3,12.09,17.71,12.22,17.53,17.69,21.48,21.52
"2016-09-11 09:00:00",645,13.15,12.57,19.22,13.06,19.42,19.57,21.33,21.37
"2016-09-11 10:00:00",646,13.18,13.11,22.29,13.1,22.81,22.97,21.48,21.51
"2016-09-11 11:00:00",647,13.18,13.11,24.15,13.09,24.37,24.56,21.84,21.87
"2016-09-11 12:00:00",648,13.17,13.1,25.04,13.09,25.2,25.37,22.23,22.26
"2016-09-11 13:00:00",649,13.18,13.1,25.38,13.09,25.57,25.72,22.35,22.38
"2016-09-11 14:00:00",650,13.17,13.11,25.46,13.08,25.6,25.73,22.45,22.48
"2016-09-11 15:00:00",651,13.18,13.11,25.23,13.08,25.36,25.46,22.78,22.8
"2016-09-11 16:00:00",652,13.17,13.1,25.3,13.09,25.42,25.54,23.14,23.16
"2016-09-11 17:00:00",653,13.18,13.1,25.58,13.09,25.77,25.84,23.65,23.68
"2016-09-11 18:00:00",654,13.18,13.11,26.1,13.09,26.31,26.43,23.62,23.64
"2016-09-11 19:00:00",655,13.06,12.69,26.91,12.97,27.13,27.24,22.94,22.96
"2016-09-11 20:00:00",656,12.57,12.37,26.67,12.48,26.41,26.56,22.48,22.5
"2016-09-11 21:00:00",657,12.43,12.3,24.78,12.34,24.32,24.45,21.82,21.86
"2016-09-11 22:00:00",658,12.39,12.29,23.4,12.31,23.04,23.16,21.71,21.75
"2016-09-11 23:00:00",659,12.38,12.29,22.68,12.3,22.38,22.51,21.57,21.61
"2016-09-12 00:00:00",660,12.36,12.24,22.09,12.28,21.84,21.96,21.46,21.49
"2016-09-12 01:00:00",661,12.35,12.24,22.04,12.27,21.88,22.01,21.51,21.54
"2016-09-12 02:00:00",662,12.34,12.24,22.01,12.25,21.8,21.93,21.14,21.17
"2016-09-12 03:00:00",663,12.3,12.21,21.09,12.23,20.78,20.92,21.25,21.28
"2016-09-12 04:00:00",664,12.28,12.18,20.27,12.2,19.98,20.12,20.94,20.98
"2016-09-12 05:00:00",665,12.25,12.14,19.55,12.16,19.28,19.42,20.94,20.98
"2016-09-12 06:00:00",666,12.23,12.13,19.02,12.14,18.78,18.91,20.92,20.96
"2016-09-12 07:00:00",667,12.2,12.1,18.65,12.12,18.43,18.57,20.91,20.95
"2016-09-12 08:00:00",668,12.23,12.1,18.54,12.15,18.39,18.54,20.89,20.93
"2016-09-12 09:00:00",669,12.46,12.2,18.93,12.38,18.87,19.01,21.56,21.6
"2016-09-12 10:00:00",670,13.13,12.8,19.82,13.05,20.03,20.15,21.64,21.67
"2016-09-12 11:00:00",671,13.19,13.11,21.32,13.1,21.76,21.86,21.59,21.62
"2016-09-12 12:00:00",672,13.18,13.11,23.1,13.09,23.59,23.68,21.53,21.56
"2016-09-12 13:00:00",673,13.17,13.1,24.39,13.08,24.77,24.89,22.32,22.35
"2016-09-12 14:00:00",674,13.18,13.1,24.92,13.09,25.04,25.2,22.24,22.26
"2016-09-12 15:00:00",675,13.18,13.11,24.46,13.1,24.43,24.58,22.37,22.4
"2016-09-12 16:00:00",676,13.19,13.1,24.1,13.11,24.08,24.22,22.61,22.64
"2016-09-12 17:00:00",677,13.18,13,24.23,13.09,24.26,24.38,22.63,22.66
"2016-09-12 18:00:00",678,12.99,12.83,24.27,12.9,24.22,24.35,22.66,22.69
"2016-09-12 19:00:00",679,12.94,12.76,24.18,12.86,24.11,24.24,22.63,22.66
"2016-09-12 20:00:00",680,12.68,12.37,24.09,12.6,24,24.13,22.55,22.58
"2016-09-12 21:00:00",681,12.43,12.3,23.77,12.35,23.62,23.75,22.36,22.39
"2016-09-12 22:00:00",682,12.39,12.29,23.2,12.32,22.96,23.09,22.31,22.35
"2016-09-12 23:00:00",683,12.38,12.29,22.84,12.3,22.67,22.8,22.28,22.32
"2016-09-13 00:00:00",684,12.37,12.26,22.94,12.29,22.83,22.95,22.01,22.04
"2016-09-13 01:00:00",685,12.35,12.25,22.93,12.28,22.79,22.91,22.08,22.12
"2016-09-13 02:00:00",686,12.34,12.24,22.6,12.26,22.38,22.51,21.84,21.87
"2016-09-13 03:00:00",687,12.31,12.21,21.86,12.24,21.59,21.72,21.44,21.47
"2016-09-13 04:00:00",688,12.27,12.17,20.2,12.2,19.73,19.87,21.42,21.46
"2016-09-13 05:00:00",689,12.24,12.14,18.62,12.17,18.22,18.35,21.35,21.39
"2016-09-13 06:00:00",690,12.2,12.09,17.62,12.13,17.28,17.43,21.37,21.41
"2016-09-13 07:00:00",691,12.17,12.06,16.94,12.1,16.66,16.8,21.27,21.31
"2016-09-13 08:00:00",692,12.44,12.06,16.68,12.36,16.5,16.66,21.17,21.21
"2016-09-13 09:00:00",693,13.08,12.81,17.66,13,17.69,17.84,21.01,21.05
"2016-09-13 10:00:00",694,13.19,13.11,21.05,13.11,21.63,21.78,20.99,21.03
"2016-09-13 11:00:00",695,13.17,13.1,23.44,13.1,24.02,24.18,21.01,21.04
"2016-09-13 12:00:00",696,13.17,13.1,24.38,13.1,24.79,24.94,21.25,21.28
"2016-09-13 13:00:00",697,13.17,13.1,24.84,13.09,25.01,25.17,21.67,21.7
"2016-09-13 14:00:00",698,13.18,13.1,24.67,13.09,24.84,24.96,22.04,22.07
"2016-09-13 15:00:00",699,13.18,13.11,24.28,13.1,24.39,24.48,22.22,22.25
"2016-09-13 16:00:00",700,13.18,13.1,24.41,13.1,24.66,24.71,23.04,23.05
"2016-09-13 17:00:00",701,13.17,13.1,25.21,13.09,25.63,25.68,22.56,22.58
"2016-09-13 18:00:00",702,13.18,13.11,25.65,13.1,25.75,25.9,22.75,22.78
"2016-09-13 19:00:00",703,13.12,12.84,25.69,13.03,25.68,25.83,22.67,22.69
"2016-09-13 20:00:00",704,12.67,12.37,25.44,12.59,25.33,25.48,22.39,22.42
"2016-09-13 21:00:00",705,12.42,12.29,24.01,12.34,23.59,23.73,21.92,21.96
"2016-09-13 22:00:00",706,12.38,12.29,22.52,12.31,22.14,22.27,21.8,21.84
"2016-09-13 23:00:00",707,12.37,12.26,21.76,12.29,21.48,21.61,21.89,21.93
"2016-09-14 00:00:00",708,12.36,12.26,21.55,12.28,21.38,21.52,21.93,21.97
"2016-09-14 01:00:00",709,12.35,12.24,21.81,12.26,21.63,21.76,21.57,21.6
"2016-09-14 02:00:00",710,12.34,12.24,21.3,12.24,21.08,21.21,21.4,21.44
"2016-09-14 03:00:00",711,12.31,12.21,20.36,12.22,20.03,20.17,21.32,21.36
"2016-09-14 04:00:00",712,12.28,12.17,19.32,12.19,19.01,19.14,21.46,21.5
"2016-09-14 05:00:00",713,12.25,12.14,18.74,12.16,18.49,18.63,21.52,21.55
"2016-09-14 06:00:00",714,12.23,12.12,18.55,12.13,18.36,18.5,21.74,21.77
"2016-09-14 07:00:00",715,12.2,12.1,18.29,12.11,18.09,18.23,21.56,21.6
"2016-09-14 08:00:00",716,12.41,12.06,18.01,12.32,17.85,18.01,21.42,21.46
"2016-09-14 09:00:00",717,13.19,13.04,20.02,13.1,20.29,20.44,21.34,21.37
"2016-09-14 10:00:00",718,13.17,13.11,23.41,13.07,23.95,24.09,21.23,21.26
"2016-09-14 11:00:00",719,13.18,13.11,25.01,13.08,25.32,25.52,21.39,21.43
"2016-09-14 12:00:00",720,13.18,13.11,25.41,13.08,25.63,25.8,21.72,21.75
"2016-09-14 13:00:00",721,13.18,13.11,25.65,13.09,25.8,25.95,21.94,21.97
"2016-09-14 14:00:00",722,13.18,13.1,25.21,13.09,25.3,25.43,22.17,22.19
"2016-09-14 15:00:00",723,13.18,13.11,25.05,13.09,25.16,25.26,22.37,22.41
"2016-09-14 16:00:00",724,13.19,13.11,25.12,13.1,25.31,25.4,22.63,22.65
"2016-09-14 17:00:00",725,13.18,13.06,25.92,13.09,26.2,26.29,23.03,23.06
"2016-09-14 18:00:00",726,13.17,13.09,26.65,13.08,26.83,26.94,22.82,22.85
"2016-09-14 19:00:00",727,13.03,12.68,26.6,12.94,26.52,26.66,22.65,22.68
"2016-09-14 20:00:00",728,12.56,12.37,26.03,12.47,25.84,25.97,22.48,22.51
"2016-09-14 21:00:00",729,12.43,12.31,25.01,12.34,24.72,24.85,22.4,22.43
"2016-09-14 22:00:00",730,12.4,12.29,24.3,12.32,24.06,24.19,22.69,22.72
"2016-09-14 23:00:00",731,12.38,12.29,23.87,12.3,23.65,23.78,22.49,22.52
"2016-09-15 00:00:00",732,12.37,12.28,23.52,12.29,23.33,23.45,22.29,22.33
"2016-09-15 01:00:00",733,12.35,12.25,22.93,12.28,22.65,22.78,22.19,22.22
"2016-09-15 02:00:00",734,12.35,12.25,22.17,12.26,21.89,22.02,21.82,21.86
"2016-09-15 03:00:00",735,12.32,12.22,21.34,12.23,21.05,21.19,21.93,21.97
"2016-09-15 04:00:00",736,12.28,12.18,20.84,12.21,20.59,20.73,21.86,21.89
"2016-09-15 05:00:00",737,12.27,12.17,21.19,12.18,21.16,21.3,22.15,22.18
"2016-09-15 06:00:00",738,12.24,12.14,22.02,12.16,21.96,22.1,22.1,22.14
"2016-09-15 07:00:00",739,12.23,12.13,21.81,12.14,21.59,21.73,22.17,22.2
"2016-09-15 08:00:00",740,12.21,12.1,20.26,12.12,19.78,19.93,21.98,22.02
"2016-09-15 09:00:00",741,12.21,12.07,18.83,12.12,18.49,18.64,21.96,22
"2016-09-15 10:00:00",742,12.23,12.1,18.59,12.15,18.39,18.53,21.89,21.93
"2016-09-15 11:00:00",743,12.81,12.18,18.6,12.73,18.54,18.67,21.9,21.94
"2016-09-15 12:00:00",744,13.2,13.11,19.6,13.11,19.88,20,21.77,21.81
"2016-09-15 13:00:00",745,13.2,13.11,21.01,13.11,21.39,21.52,21.71,21.74
"2016-09-15 14:00:00",746,13.2,13.11,22.41,13.11,22.79,22.92,22.19,22.22
"2016-09-15 15:00:00",747,13.21,13.1,22.44,13.13,22.47,22.63,22.4,22.43
"2016-09-15 16:00:00",748,13.22,13.11,21.84,13.14,21.75,21.9,22.3,22.34
"2016-09-15 17:00:00",749,13.03,12.64,21.6,12.94,21.53,21.67,22.29,22.32
"2016-09-15 18:00:00",750,12.87,12.64,20.84,12.79,20.62,20.76,22.27,22.31
"2016-09-15 19:00:00",751,13.13,12.76,20.3,13.04,20.22,20.35,22.01,22.04
"2016-09-15 20:00:00",752,12.57,12.33,19.99,12.49,19.79,19.94,21.73,21.77
"2016-09-15 21:00:00",753,12.39,12.29,19.2,12.32,18.92,19.06,21.58,21.62
"2016-09-15 22:00:00",754,12.36,12.25,18.64,12.29,18.41,18.55,21.71,21.75
"2016-09-15 23:00:00",755,12.35,12.24,18.48,12.28,18.29,18.44,21.52,21.56
"2016-09-16 00:00:00",756,12.35,12.25,18.26,12.26,18.07,18.21,21.55,21.59
"2016-09-16 01:00:00",757,12.34,12.23,18.21,12.25,18.07,18.21,21.77,21.81
"2016-09-16 02:00:00",758,12.3,12.21,18.32,12.23,18.2,18.34,21.55,21.6
"2016-09-16 03:00:00",759,12.28,12.18,18.08,12.2,17.87,18.01,21.59,21.63
"2016-09-16 04:00:00",760,12.24,12.14,16.88,12.16,16.51,16.66,21.51,21.55
"2016-09-16 05:00:00",761,12.2,12.1,15.83,12.12,15.5,15.66,21.51,21.55
"2016-09-16 06:00:00",762,12.16,12.06,15.44,12.09,15.19,15.34,21.28,21.32
"2016-09-16 07:00:00",763,12.15,12.05,14.97,12.06,14.73,14.88,21.34,21.38
"2016-09-16 08:00:00",764,12.15,12.06,14.79,12.06,14.6,14.76,21.31,21.36
"2016-09-16 09:00:00",765,12.15,12.03,14.78,12.07,14.63,14.78,21.25,21.29
"2016-09-16 10:00:00",766,12.29,12.06,14.9,12.21,14.8,14.95,21.26,21.3
"2016-09-16 11:00:00",767,12.98,12.38,15.26,12.88,15.32,15.47,21.08,21.12
"2016-09-16 12:00:00",768,13.18,12.93,15.87,13.08,16.11,16.25,20.99,21.03
"2016-09-16 13:00:00",769,13.25,13.15,16.84,13.17,17.22,17.34,20.84,20.87
"2016-09-16 14:00:00",770,13.25,13.15,17.76,13.17,18.14,18.26,20.71,20.75
"2016-09-16 15:00:00",771,13.24,13.15,18.4,13.17,18.72,18.86,21.22,21.26
"2016-09-16 16:00:00",772,13.26,13.15,18.61,13.17,18.84,18.99,21.38,21.42
"2016-09-16 17:00:00",773,13.26,13.11,18.75,13.16,18.95,19.08,21.35,21.38
"2016-09-16 18:00:00",774,13.26,13.11,18.69,13.16,18.7,18.84,21.34,21.38
"2016-09-16 19:00:00",775,12.84,12.41,18.56,12.75,18.48,18.62,21.19,21.23
"2016-09-16 20:00:00",776,12.44,12.3,17.96,12.34,17.71,17.86,21.4,21.45
"2016-09-16 21:00:00",777,12.39,12.28,16.68,12.29,16.38,16.52,21.41,21.45
"2016-09-16 22:00:00",778,12.36,12.26,16.1,12.27,15.86,16.01,21.09,21.13
"2016-09-16 23:00:00",779,12.35,12.25,15.71,12.25,15.5,15.65,20.96,21
"2016-09-17 00:00:00",780,12.34,12.21,15.47,12.24,15.29,15.44,21.1,21.14
"2016-09-17 01:00:00",781,12.31,12.22,15.67,12.23,15.59,15.74,20.98,21.02
"2016-09-17 02:00:00",782,12.28,12.21,16.23,12.21,16.17,16.31,20.65,20.69
"2016-09-17 03:00:00",783,12.27,12.17,16.37,12.19,16.25,16.39,20.7,20.73
"2016-09-17 04:00:00",784,12.23,12.14,16.39,12.15,16.26,16.4,21,21.04
"2016-09-17 05:00:00",785,12.2,12.07,16.27,12.11,16.09,16.25,21.05,21.09
"2016-09-17 06:00:00",786,12.16,12.06,15.86,12.08,15.64,15.79,20.91,20.95
"2016-09-17 07:00:00",787,12.15,12.03,15.51,12.07,15.34,15.49,20.95,20.99
"2016-09-17 08:00:00",788,12.15,12.03,15.45,12.06,15.32,15.48,20.79,20.83
"2016-09-17 09:00:00",789,12.2,12.06,15.8,12.11,15.77,15.93,20.74,20.78
"2016-09-17 10:00:00",790,12.27,12.14,15.99,12.18,15.91,16.06,20.72,20.75
"2016-09-17 11:00:00",791,12.74,12.26,15.9,12.66,15.78,15.94,20.64,20.68
"2016-09-17 12:00:00",792,13.18,13,15.77,13.09,15.71,15.87,20.64,20.68
"2016-09-17 13:00:00",793,13.27,13.17,16.01,13.19,16.13,16.29,20.47,20.51
"2016-09-17 14:00:00",794,13.29,13.17,16.54,13.2,16.73,16.88,20.46,20.5
"2016-09-17 15:00:00",795,13.29,13.19,16.76,13.2,16.89,17.04,20.41,20.45
"2016-09-17 16:00:00",796,13.29,13.18,16.93,13.2,17.06,17.2,20.41,20.45
"2016-09-17 17:00:00",797,13.19,12.92,17.1,13.1,17.14,17.29,20.35,20.39
"2016-09-17 18:00:00",798,12.93,12.64,17.09,12.84,17.02,17.16,20.13,20.17
"2016-09-17 19:00:00",799,12.56,12.37,17.08,12.48,16.96,17.1,20.06,20.1
"2016-09-17 20:00:00",800,12.42,12.29,16.66,12.34,16.5,16.64,20.06,20.1
"2016-09-17 21:00:00",801,12.39,12.29,16.55,12.3,16.4,16.55,20.05,20.09
"2016-09-17 22:00:00",802,12.35,12.25,16.46,12.28,16.31,16.46,20,20.04
"2016-09-17 23:00:00",803,12.36,12.25,16.28,12.27,16.08,16.23,19.76,19.8
"2016-09-18 00:00:00",804,12.34,12.25,15.64,12.25,15.38,15.53,19.58,19.62
"2016-09-18 01:00:00",805,12.3,12.22,14.94,12.23,14.67,14.82,19.54,19.58
"2016-09-18 02:00:00",806,12.28,12.17,14.48,12.2,14.25,14.4,19.65,19.69
"2016-09-18 03:00:00",807,12.25,12.14,14.2,12.16,14.01,14.16,19.5,19.54
"2016-09-18 04:00:00",808,12.21,12.08,13.94,12.13,13.74,13.89,19.37,19.41
"2016-09-18 05:00:00",809,12.17,12.06,13.78,12.09,13.62,13.78,19.58,19.63
"2016-09-18 06:00:00",810,12.15,12.06,13.97,12.06,13.86,14.01,19.72,19.77
"2016-09-18 07:00:00",811,12.13,12.04,14.17,12.05,14.07,14.22,19.82,19.87
"2016-09-18 08:00:00",812,12.13,12.02,14.23,12.05,14.11,14.26,19.87,19.91
"2016-09-18 09:00:00",813,12.15,12.03,14.17,12.07,14.07,14.22,19.72,19.76
"2016-09-18 10:00:00",814,12.17,12.06,14.26,12.09,14.19,14.35,19.85,19.89
"2016-09-18 11:00:00",815,12.48,12.11,14.46,12.4,14.45,14.61,19.95,19.99
"2016-09-18 12:00:00",816,13,12.62,14.68,12.92,14.71,14.86,20.1,20.14
"2016-09-18 13:00:00",817,13.26,13.15,14.91,13.18,15.04,15.2,19.96,20
"2016-09-18 14:00:00",818,13.29,13.19,15.22,13.2,15.39,15.55,19.93,19.97
"2016-09-18 15:00:00",819,13.29,13.19,15.56,13.21,15.73,15.88,19.89,19.93
"2016-09-18 16:00:00",820,13.29,13.17,15.95,13.21,16.14,16.28,19.76,19.8
"2016-09-18 17:00:00",821,13.25,13.04,16.41,13.16,16.6,16.73,19.71,19.75
"2016-09-18 18:00:00",822,12.89,12.57,16.7,12.8,16.73,16.87,19.68,19.72
"2016-09-18 19:00:00",823,12.59,12.42,16.72,12.5,16.61,16.76,19.83,19.87
"2016-09-18 20:00:00",824,12.44,12.31,16.56,12.36,16.4,16.55,19.88,19.92
"2016-09-18 21:00:00",825,12.39,12.29,16.21,12.32,16.01,16.16,19.84,19.88
"2016-09-18 22:00:00",826,12.36,12.26,15.86,12.29,15.69,15.84,19.85,19.89
"2016-09-18 23:00:00",827,12.35,12.25,15.56,12.27,15.38,15.54,19.63,19.67
"2016-09-19 00:00:00",828,12.34,12.25,15.49,12.25,15.36,15.52,19.66,19.7
"2016-09-19 01:00:00",829,12.32,12.21,15.52,12.23,15.41,15.56,19.54,19.58
"2016-09-19 02:00:00",830,12.28,12.18,15.59,12.22,15.48,15.63,19.29,19.33
"2016-09-19 03:00:00",831,12.26,12.14,15.66,12.19,15.55,15.69,19.26,19.3
"2016-09-19 04:00:00",832,12.23,12.1,15.68,12.15,15.55,15.7,19.12,19.16
"2016-09-19 05:00:00",833,12.19,12.07,15.7,12.12,15.57,15.72,19.09,19.13
"2016-09-19 06:00:00",834,12.16,12.06,15.73,12.09,15.61,15.75,19.02,19.06
"2016-09-19 07:00:00",835,12.15,12.06,15.62,12.07,15.45,15.6,18.82,18.86
"2016-09-19 08:00:00",836,12.15,12.06,15.31,12.07,15.12,15.27,18.78,18.82
"2016-09-19 09:00:00",837,12.59,12.1,15.16,12.52,15.08,15.23,19.13,19.16
"2016-09-19 10:00:00",838,13.22,13.12,16.25,13.14,16.54,16.66,19.14,19.18
"2016-09-19 11:00:00",839,13.23,13.13,17.75,13.15,18.23,18.36,19.21,19.24
"2016-09-19 12:00:00",840,13.24,13.15,18.83,13.15,19.22,19.35,19.53,19.57
"2016-09-19 13:00:00",841,13.23,13.11,19.4,13.15,19.7,19.85,19.58,19.61
"2016-09-19 14:00:00",842,13.23,13.11,20.27,13.15,20.4,20.58,19.76,19.79
"2016-09-19 15:00:00",843,13.23,13.11,19.97,13.15,20.13,20.24,19.84,19.88
"2016-09-19 16:00:00",844,13.23,13.11,19.9,13.15,20.12,20.21,20.25,20.29
"2016-09-19 17:00:00",845,13.23,13.11,20.21,13.14,20.37,20.5,20.35,20.38
"2016-09-19 18:00:00",846,13.24,13.11,20.46,13.14,20.63,20.73,19.75,19.78
"2016-09-19 19:00:00",847,13.01,12.64,20.83,12.91,20.91,21.06,20.02,20.06
"2016-09-19 20:00:00",848,12.55,12.37,20.04,12.45,19.77,19.92,19.87,19.91
"2016-09-19 21:00:00",849,12.43,12.3,18.73,12.33,18.36,18.5,19.43,19.47
"2016-09-19 22:00:00",850,12.39,12.29,17.48,12.29,17.1,17.24,19.05,19.09
"2016-09-19 23:00:00",851,12.37,12.26,16.4,12.28,16.06,16.2,19,19.05
"2016-09-20 00:00:00",852,12.35,12.25,15.75,12.25,15.46,15.6,18.67,18.71
"2016-09-20 01:00:00",853,12.35,12.25,15.19,12.24,14.94,15.08,18.5,18.54
"2016-09-20 02:00:00",854,12.33,12.22,15.18,12.24,15.03,15.17,18.81,18.85
"2016-09-20 03:00:00",855,12.31,12.21,15.35,12.23,15.22,15.36,18.77,18.81
"2016-09-20 04:00:00",856,12.28,12.18,15.34,12.22,15.2,15.35,18.62,18.66
"2016-09-20 05:00:00",857,12.28,12.18,15.24,12.2,15.07,15.21,18.77,18.81
"2016-09-20 06:00:00",858,12.26,12.15,14.91,12.18,14.71,14.86,18.57,18.61
"2016-09-20 07:00:00",859,12.24,12.14,14.72,12.16,14.55,14.69,18.69,18.73
"2016-09-20 08:00:00",860,12.24,12.11,14.41,12.14,14.23,14.38,18.49,18.53
"2016-09-20 09:00:00",861,12.91,12.22,14.63,12.83,14.6,14.75,18.32,18.36
"2016-09-20 10:00:00",862,13.25,13.15,16.66,13.16,16.95,17.1,18.38,18.42
"2016-09-20 11:00:00",863,13.26,13.16,17.56,13.18,17.75,17.9,18.94,18.98
"2016-09-20 12:00:00",864,13.26,13.15,18.74,13.17,18.95,19.11,18.72,18.76
"2016-09-20 13:00:00",865,13.25,13.15,19.09,13.17,19.21,19.38,19.22,19.25
"2016-09-20 14:00:00",866,13.25,13.15,19.25,13.17,19.37,19.51,19.08,19.11
"2016-09-20 15:00:00",867,13.25,13.14,19.29,13.18,19.4,19.53,19.06,19.09
"2016-09-20 16:00:00",868,13.26,13.15,19.51,13.18,19.67,19.79,19.05,19.08
"2016-09-20 17:00:00",869,13.27,13.15,19.81,13.18,19.96,20.08,18.95,18.98
"2016-09-20 18:00:00",870,13.25,13,19.98,13.16,20.06,20.2,18.8,18.83
"2016-09-20 19:00:00",871,12.83,12.49,19.24,12.74,19.01,19.16,18.61,18.65
"2016-09-20 20:00:00",872,12.46,12.32,18.09,12.38,17.8,17.94,19.17,19.21
"2016-09-20 21:00:00",873,12.4,12.3,17.35,12.32,17.09,17.23,19.17,19.21
"2016-09-20 22:00:00",874,12.37,12.27,16.74,12.29,16.46,16.6,18.48,18.52
"2016-09-20 23:00:00",875,12.35,12.25,16.22,12.28,15.99,16.14,18.62,18.66
"2016-09-21 00:00:00",876,12.35,12.25,16.18,12.26,16.02,16.16,18.94,18.98
"2016-09-21 01:00:00",877,12.34,12.24,16.11,12.25,15.93,16.07,18.86,18.89
"2016-09-21 02:00:00",878,12.31,12.22,15.83,12.24,15.64,15.78,18.96,19
"2016-09-21 03:00:00",879,12.29,12.22,15.55,12.22,15.36,15.51,19.01,19.05
"2016-09-21 04:00:00",880,12.28,12.18,15.39,12.2,15.22,15.36,19.13,19.17
"2016-09-21 05:00:00",881,12.26,12.14,15.21,12.17,15.04,15.19,19.08,19.12
"2016-09-21 06:00:00",882,12.23,12.1,14.95,12.15,14.76,14.91,18.56,18.6
"2016-09-21 07:00:00",883,12.21,12.1,14.73,12.12,14.55,14.7,18.86,18.9
"2016-09-21 08:00:00",884,12.2,12.09,14.76,12.11,14.61,14.76,18.84,18.88
"2016-09-21 09:00:00",885,12.91,12.18,14.87,12.83,14.83,14.98,18.63,18.68
"2016-09-21 10:00:00",886,13.26,13.16,15.99,13.17,16.19,16.35,18.43,18.47
"2016-09-21 11:00:00",887,13.28,13.19,16.89,13.19,17.08,17.24,18.42,18.45
"2016-09-21 12:00:00",888,13.28,13.19,17.8,13.19,17.93,18.09,18.48,18.52
"2016-09-21 13:00:00",889,13.27,13.15,18.32,13.18,18.47,18.63,18.76,18.79
"2016-09-21 14:00:00",890,13.27,13.15,18.9,13.18,19.05,19.2,18.79,18.82
"2016-09-21 15:00:00",891,13.28,13.16,18.88,13.18,18.96,19.1,18.91,18.94
"2016-09-21 16:00:00",892,13.29,13.16,18.84,13.19,18.89,19.03,18.97,19
"2016-09-21 17:00:00",893,13.28,13.18,18.93,13.2,19.02,19.14,18.89,18.92
"2016-09-21 18:00:00",894,13.28,13.16,19.23,13.2,19.33,19.47,18.83,18.86
"2016-09-21 19:00:00",895,13.11,12.73,19.21,13.02,19.16,19.31,18.68,18.71
"2016-09-21 20:00:00",896,12.55,12.33,18.09,12.47,17.76,17.91,18.57,18.61
"2016-09-21 21:00:00",897,12.4,12.29,16.61,12.32,16.21,16.36,18.59,18.62
"2016-09-21 22:00:00",898,12.36,12.26,15.58,12.29,15.24,15.39,18.65,18.69
"2016-09-21 23:00:00",899,12.35,12.25,15,12.27,14.73,14.87,18.64,18.68
"2016-09-22 00:00:00",900,12.35,12.25,14.59,12.25,14.35,14.5,18.71,18.75
"2016-09-22 01:00:00",901,12.33,12.24,14.37,12.24,14.17,14.31,18.54,18.58
"2016-09-22 02:00:00",902,12.3,12.21,14.07,12.23,13.84,13.99,18.34,18.38
"2016-09-22 03:00:00",903,12.28,12.18,13.58,12.21,13.34,13.49,18.35,18.39
"2016-09-22 04:00:00",904,12.27,12.18,13.23,12.19,13.02,13.17,18.54,18.58
"2016-09-22 05:00:00",905,12.24,12.14,12.96,12.16,12.74,12.89,18.34,18.38
"2016-09-22 06:00:00",906,12.22,12.1,12.62,12.13,12.4,12.55,18.39,18.44
"2016-09-22 07:00:00",907,12.18,12.05,12.29,12.1,12.06,12.21,18.42,18.46
"2016-09-22 08:00:00",908,12.2,12.05,12.06,12.11,11.88,12.03,18.36,18.4
"2016-09-22 09:00:00",909,13.17,12.4,13.59,13.09,13.82,13.99,18.89,18.93
"2016-09-22 10:00:00",910,13.26,13.16,16.34,13.18,16.87,17.01,18.49,18.53
"2016-09-22 11:00:00",911,13.25,13.15,18.16,13.17,18.67,18.82,18.35,18.39
"2016-09-22 12:00:00",912,13.25,13.14,19.27,13.17,19.74,19.88,18.51,18.54
"2016-09-22 13:00:00",913,13.25,13.15,19.62,13.17,19.82,19.99,18.66,18.7
"2016-09-22 14:00:00",914,13.26,13.15,19.33,13.17,19.42,19.57,18.96,18.99
"2016-09-22 15:00:00",915,13.28,13.15,18.92,13.18,19.04,19.15,19.35,19.39
"2016-09-22 16:00:00",916,13.28,13.16,19.06,13.19,19.36,19.43,19.3,19.34
"2016-09-22 17:00:00",917,13.28,13.16,19.58,13.19,19.83,19.9,19.17,19.2
"2016-09-22 18:00:00",918,13.28,13.15,19.97,13.19,20.06,20.17,19.19,19.22
"2016-09-22 19:00:00",919,13.2,12.84,20.3,13.11,20.48,20.57,19.09,19.12
"2016-09-22 20:00:00",920,12.63,12.37,20.17,12.54,20.06,20.2,19.14,19.17
"2016-09-22 21:00:00",921,12.41,12.3,18.15,12.33,17.68,17.83,18.79,18.82
"2016-09-22 22:00:00",922,12.37,12.26,16.47,12.3,16.05,16.19,18.93,18.97
"2016-09-22 23:00:00",923,12.35,12.25,15.56,12.27,15.23,15.38,18.82,18.86
"2016-09-23 00:00:00",924,12.35,12.26,15.06,12.26,14.78,14.92,18.9,18.93
"2016-09-23 01:00:00",925,12.32,12.24,14.52,12.24,14.25,14.4,18.93,18.98
"2016-09-23 02:00:00",926,12.29,12.21,14.08,12.22,13.83,13.98,18.87,18.91
"2016-09-23 03:00:00",927,12.28,12.18,13.57,12.21,13.32,13.46,18.79,18.83
"2016-09-23 04:00:00",928,12.27,12.16,13.21,12.18,13,13.15,18.81,18.85
"2016-09-23 05:00:00",929,12.24,12.14,13.01,12.16,12.81,12.97,18.73,18.77
"2016-09-23 06:00:00",930,12.22,12.11,12.87,12.13,12.69,12.84,18.65,18.69
"2016-09-23 07:00:00",931,12.19,12.06,12.82,12.1,12.66,12.81,18.76,18.8
"2016-09-23 08:00:00",932,12.17,12.06,13.02,12.08,12.91,13.06,18.99,19.03
"2016-09-23 09:00:00",933,12.37,12.07,13.36,12.29,13.33,13.49,19.03,19.07
"2016-09-23 10:00:00",934,13.21,12.84,14.36,13.12,14.63,14.75,18.63,18.66
"2016-09-23 11:00:00",935,13.26,13.15,16.94,13.17,17.55,17.67,18.84,18.88
"2016-09-23 12:00:00",936,13.24,13.15,19.77,13.14,20.36,20.49,18.87,18.9
"2016-09-23 13:00:00",937,13.25,13.12,20.32,13.15,20.51,20.7,19.08,19.11
"2016-09-23 14:00:00",938,13.25,13.13,20.08,13.16,20.16,20.34,19.33,19.37
"2016-09-23 15:00:00",939,13.25,13.14,19.88,13.16,20.06,20.19,19.54,19.58
"2016-09-23 16:00:00",940,13.25,13.15,20.18,13.16,20.43,20.55,19.75,19.78
"2016-09-23 17:00:00",941,13.25,13.14,20.53,13.17,20.7,20.83,20.01,20.04
"2016-09-23 18:00:00",942,13.25,13.15,20.75,13.17,20.82,20.95,19.96,19.99
"2016-09-23 19:00:00",943,13.11,12.72,20.89,13.02,21.01,21.12,19.53,19.56
"2016-09-23 20:00:00",944,12.55,12.35,20.42,12.47,20.16,20.32,19.26,19.29
"2016-09-23 21:00:00",945,12.41,12.29,19.02,12.33,18.64,18.78,19.23,19.26
"2016-09-23 22:00:00",946,12.39,12.29,18.05,12.3,17.76,17.9,19.16,19.2
"2016-09-23 23:00:00",947,12.36,12.25,17.62,12.29,17.4,17.54,19.15,19.18
"2016-09-24 00:00:00",948,12.35,12.25,17.22,12.27,17,17.14,18.83,18.87
"2016-09-24 01:00:00",949,12.35,12.25,16.92,12.25,16.72,16.85,18.67,18.71
"2016-09-24 02:00:00",950,12.32,12.23,16.62,12.24,16.42,16.56,18.66,18.7
"2016-09-24 03:00:00",951,12.29,12.21,16.31,12.22,16.11,16.25,18.55,18.59
"2016-09-24 04:00:00",952,12.28,12.18,15.81,12.2,15.55,15.7,18.45,18.49
"2016-09-24 05:00:00",953,12.25,12.13,15.04,12.17,14.74,14.88,18.26,18.3
"2016-09-24 06:00:00",954,12.22,12.09,14.26,12.13,13.95,14.09,18.34,18.38
"2016-09-24 07:00:00",955,12.18,12.06,13.54,12.1,13.25,13.4,18.14,18.18
"2016-09-24 08:00:00",956,12.18,12.06,13.36,12.1,13.17,13.32,18.54,18.58
"2016-09-24 09:00:00",957,13.06,12.22,14.62,12.97,14.77,14.93,18.26,18.3
"2016-09-24 10:00:00",958,13.25,13.15,17.26,13.16,17.64,17.78,18.24,18.28
"2016-09-24 11:00:00",959,13.26,13.14,18.05,13.17,18.27,18.42,18.44,18.47
"2016-09-24 12:00:00",960,13.25,13.15,19.87,13.16,20.18,20.37,18.61,18.64
"2016-09-24 13:00:00",961,13.25,13.15,20.27,13.17,20.25,20.46,18.69,18.72
"2016-09-24 14:00:00",962,13.25,13.15,20.08,13.16,20.16,20.3,18.79,18.82
"2016-09-24 15:00:00",963,13.25,13.15,19.88,13.17,20.07,20.15,19.15,19.18
"2016-09-24 16:00:00",964,13.25,13.15,19.97,13.18,20.25,20.3,19.33,19.36
"2016-09-24 17:00:00",965,13.25,13.15,20.57,13.17,20.93,20.97,19.66,19.69
"2016-09-24 18:00:00",966,13.25,13.12,21.31,13.16,21.71,21.8,19.58,19.61
"2016-09-24 19:00:00",967,13.08,12.69,21.74,12.99,21.8,21.97,19.35,19.38
"2016-09-24 20:00:00",968,12.55,12.37,20.85,12.47,20.53,20.69,18.97,19
"2016-09-24 21:00:00",969,12.4,12.29,18.7,12.33,18.2,18.34,18.76,18.8
"2016-09-24 22:00:00",970,12.37,12.28,17.19,12.29,16.81,16.95,18.49,18.52
"2016-09-24 23:00:00",971,12.35,12.25,16.43,12.27,16.12,16.26,18.5,18.54
"2016-09-25 00:00:00",972,12.35,12.25,15.95,12.26,15.68,15.83,18.53,18.56
"2016-09-25 01:00:00",973,12.33,12.23,15.52,12.24,15.29,15.43,18.63,18.67
"2016-09-25 02:00:00",974,12.3,12.2,15.25,12.22,15.02,15.17,18.39,18.42
"2016-09-25 03:00:00",975,12.28,12.18,14.71,12.2,14.46,14.6,18.41,18.45
"2016-09-25 04:00:00",976,12.26,12.15,14.21,12.18,13.96,14.11,18.26,18.3
"2016-09-25 05:00:00",977,12.23,12.14,13.77,12.15,13.53,13.68,18.22,18.26
"2016-09-25 06:00:00",978,12.2,12.06,13.43,12.12,13.21,13.36,18.23,18.27
"2016-09-25 07:00:00",979,12.16,12.06,13.18,12.09,12.96,13.12,18.29,18.33
"2016-09-25 08:00:00",980,12.2,12.06,12.94,12.13,12.74,12.9,18.19,18.23
"2016-09-25 09:00:00",981,13.14,12.46,14.05,13.06,14.19,14.36,18.31,18.35
"2016-09-25 10:00:00",982,13.25,13.15,16.97,13.17,17.48,17.62,18.3,18.33
"2016-09-25 11:00:00",983,13.24,13.14,19.62,13.15,20.24,20.38,18.32,18.35
"2016-09-25 12:00:00",984,13.23,13.11,20.84,13.15,21.32,21.47,18.69,18.72
"2016-09-25 13:00:00",985,13.24,13.15,21.23,13.15,21.24,21.45,18.82,18.85
"2016-09-25 14:00:00",986,13.24,13.12,20.7,13.16,20.66,20.84,18.97,19
"2016-09-25 15:00:00",987,13.25,13.15,20.12,13.17,20.08,20.22,19.24,19.28
"2016-09-25 16:00:00",988,13.27,13.15,19.8,13.18,19.83,19.95,19.35,19.39
"2016-09-25 17:00:00",989,13.27,13.15,20.02,13.18,20.1,20.22,19.21,19.24
"2016-09-25 18:00:00",990,13.26,13.11,20.54,13.17,20.69,20.8,19.36,19.39
"2016-09-25 19:00:00",991,12.87,12.45,20.85,12.79,20.81,20.96,19.01,19.04
"2016-09-25 20:00:00",992,12.44,12.3,19.66,12.37,19.31,19.46,18.91,18.94
"2016-09-25 21:00:00",993,12.38,12.27,18.56,12.31,18.28,18.42,19.18,19.22
"2016-09-25 22:00:00",994,12.36,12.26,17.98,12.28,17.72,17.86,19.18,19.21
"2016-09-25 23:00:00",995,12.35,12.25,17.6,12.27,17.44,17.57,19.2,19.24
"2016-09-26 00:00:00",996,12.34,12.24,17.1,12.25,16.81,16.95,18.9,18.94
"2016-09-26 01:00:00",997,12.32,12.22,16.61,12.23,16.43,16.56,19.01,19.05
"2016-09-26 02:00:00",998,12.29,12.2,15.83,12.21,15.53,15.68,19.03,19.07
"2016-09-26 03:00:00",999,12.28,12.18,15.22,12.19,14.97,15.12,19.05,19.09
"2016-09-26 04:00:00",1000,12.26,12.14,14.73,12.16,14.48,14.63,19.01,19.05
"2016-09-26 05:00:00",1001,12.23,12.13,14.35,12.13,14.12,14.27,18.93,18.97
"2016-09-26 06:00:00",1002,12.2,12.07,13.98,12.1,13.75,13.9,18.79,18.83
"2016-09-26 07:00:00",1003,12.17,12.07,13.86,12.07,13.7,13.86,19.13,19.17
"2016-09-26 08:00:00",1004,12.16,12.04,14.31,12.07,14.25,14.4,19.28,19.32
"2016-09-26 09:00:00",1005,12.41,12.09,14.96,12.32,14.98,15.13,19.15,19.18
"2016-09-26 10:00:00",1006,13.11,12.61,16.11,13.02,16.41,16.53,19.26,19.29
"2016-09-26 11:00:00",1007,13.22,13.12,18.67,13.13,19.3,19.43,18.91,18.94
"2016-09-26 12:00:00",1008,13.24,13.11,19.61,13.15,20.06,20.19,19.11,19.14
"2016-09-26 13:00:00",1009,13.25,13.15,20.06,13.15,20.44,20.58,19.08,19.11
"2016-09-26 14:00:00",1010,13.25,13.12,20.23,13.16,20.35,20.52,19.13,19.16
"2016-09-26 15:00:00",1011,13.24,13.14,20.21,13.16,20.43,20.52,19.37,19.39
"2016-09-26 16:00:00",1012,13.24,13.15,20.33,13.16,20.61,20.69,19.33,19.36
"2016-09-26 17:00:00",1013,13.24,13.12,20.83,13.16,21.19,21.26,19.38,19.42
"2016-09-26 18:00:00",1014,13.25,13.04,21.2,13.16,21.29,21.4,19.39,19.41
"2016-09-26 19:00:00",1015,12.98,12.5,20.73,12.89,20.58,20.72,19.72,19.76
"2016-09-26 20:00:00",1016,12.47,12.33,20.28,12.39,20.09,20.23,19.61,19.65
"2016-09-26 21:00:00",1017,12.4,12.3,19.56,12.32,19.31,19.45,19.6,19.64
"2016-09-26 22:00:00",1018,12.38,12.29,19.12,12.3,18.92,19.06,19.51,19.54
"2016-09-26 23:00:00",1019,12.36,12.26,19.13,12.29,19.02,19.15,19.47,19.51
"2016-09-27 00:00:00",1020,12.35,12.25,19.36,12.27,19.24,19.37,19.25,19.28
"2016-09-27 01:00:00",1021,12.35,12.25,18.82,12.26,18.56,18.7,18.72,18.75
"2016-09-27 02:00:00",1022,12.33,12.22,17.46,12.24,17.07,17.21,18.84,18.88
"2016-09-27 03:00:00",1023,12.29,12.2,16.46,12.22,16.17,16.32,19.19,19.23
"2016-09-27 04:00:00",1024,12.28,12.18,16.37,12.19,16.24,16.38,19.4,19.43
"2016-09-27 05:00:00",1025,12.25,12.13,17.12,12.17,17.07,17.21,19.21,19.25
"2016-09-27 06:00:00",1026,12.23,12.12,16.75,12.14,16.55,16.69,19.2,19.24
"2016-09-27 07:00:00",1027,12.2,12.1,16.28,12.11,16.06,16.2,18.96,18.99
"2016-09-27 08:00:00",1028,12.18,12.06,15.8,12.1,15.59,15.74,19.01,19.05
"2016-09-27 09:00:00",1029,12.25,12.14,15.76,12.16,15.62,15.77,18.87,18.91
"2016-09-27 10:00:00",1030,13.06,12.34,16.49,12.97,16.62,16.75,18.91,18.95
"2016-09-27 11:00:00",1031,13.22,13.12,18.57,13.13,19.01,19.14,18.91,18.94
"2016-09-27 12:00:00",1032,13.21,13.1,20.86,13.12,21.31,21.46,18.84,18.87
"2016-09-27 13:00:00",1033,13.22,13.11,21.61,13.13,21.73,21.91,19.05,19.08
"2016-09-27 14:00:00",1034,13.23,13.11,21.46,13.14,21.47,21.65,19.21,19.24
"2016-09-27 15:00:00",1035,13.24,13.11,21.05,13.15,21.04,21.17,19.45,19.48
"2016-09-27 16:00:00",1036,13.25,13.12,20.83,13.15,20.9,21.01,19.52,19.55
"2016-09-27 17:00:00",1037,13.24,13.13,20.97,13.16,21.09,21.21,19.5,19.53
"2016-09-27 18:00:00",1038,13.24,13.11,21.49,13.16,21.7,21.8,19.66,19.69
"2016-09-27 19:00:00",1039,12.98,12.57,22,12.89,22.11,22.24,19.45,19.48
"2016-09-27 20:00:00",1040,12.49,12.33,20.83,12.41,20.47,20.62,19.07,19.1
"2016-09-27 21:00:00",1041,12.4,12.29,19.09,12.32,18.65,18.79,19.14,19.17
"2016-09-27 22:00:00",1042,12.37,12.27,17.88,12.3,17.52,17.66,19.12,19.16
"2016-09-27 23:00:00",1043,12.35,12.25,17.22,12.28,16.93,17.07,18.96,19
"2016-09-28 00:00:00",1044,12.35,12.25,16.77,12.26,16.52,16.66,18.82,18.85
"2016-09-28 01:00:00",1045,12.34,12.22,16.39,12.24,16.16,16.3,18.66,18.7
"2016-09-28 02:00:00",1046,12.31,12.22,16.07,12.23,15.83,15.97,18.77,18.81
"2016-09-28 03:00:00",1047,12.28,12.18,15.36,12.21,15.05,15.19,18.78,18.82
"2016-09-28 04:00:00",1048,12.27,12.14,14.62,12.18,14.33,14.48,18.64,18.68
"2016-09-28 05:00:00",1049,12.24,12.14,14.01,12.15,13.74,13.89,18.61,18.65
"2016-09-28 06:00:00",1050,12.21,12.1,13.47,12.12,13.21,13.36,18.49,18.53
"2016-09-28 07:00:00",1051,12.17,12.06,13.11,12.09,12.88,13.03,18.45,18.49
"2016-09-28 08:00:00",1052,12.18,12.06,12.74,12.09,12.52,12.67,18.46,18.5
"2016-09-28 09:00:00",1053,12.94,12.26,13.08,12.86,13.05,13.21,18.48,18.53
"2016-09-28 10:00:00",1054,13.28,13.19,14.92,13.19,15.26,15.4,18.2,18.24
"2016-09-28 11:00:00",1055,13.25,13.15,17.96,13.16,18.57,18.71,18.46,18.49
"2016-09-28 12:00:00",1056,13.25,13.14,19.73,13.16,20.24,20.4,18.59,18.62
"2016-09-28 13:00:00",1057,13.25,13.14,20.54,13.16,20.66,20.86,18.8,18.83
"2016-09-28 14:00:00",1058,13.25,13.15,20.31,13.16,20.33,20.5,19.22,19.26
"2016-09-28 15:00:00",1059,13.26,13.14,19.76,13.17,19.73,19.87,19.56,19.59
"2016-09-28 16:00:00",1060,13.28,13.15,19.45,13.19,19.47,19.59,19.68,19.71
"2016-09-28 17:00:00",1061,13.28,13.15,19.64,13.19,19.73,19.86,19.56,19.59
"2016-09-28 18:00:00",1062,13.27,13.14,20.13,13.19,20.24,20.36,19.56,19.59
"2016-09-28 19:00:00",1063,13.03,12.61,20.51,12.94,20.51,20.66,19.56,19.59
"2016-09-28 20:00:00",1064,12.51,12.34,19.97,12.42,19.75,19.89,19.2,19.24
"2016-09-28 21:00:00",1065,12.4,12.29,18.39,12.32,17.99,18.13,19.17,19.21
"2016-09-28 22:00:00",1066,12.37,12.26,17.22,12.29,16.88,17.02,19.17,19.21
"2016-09-28 23:00:00",1067,12.35,12.25,16.57,12.27,16.28,16.43,19,19.03
"2016-09-29 00:00:00",1068,12.35,12.25,16.01,12.26,15.74,15.89,18.97,19.01
"2016-09-29 01:00:00",1069,12.33,12.23,15.44,12.24,15.17,15.31,19.05,19.09
"2016-09-29 02:00:00",1070,12.29,12.19,14.8,12.22,14.53,14.67,18.96,19
"2016-09-29 03:00:00",1071,12.28,12.18,14.25,12.2,13.99,14.14,18.79,18.82
"2016-09-29 04:00:00",1072,12.26,12.14,13.97,12.17,13.76,13.91,18.8,18.83
"2016-09-29 05:00:00",1073,12.23,12.11,13.44,12.14,13.19,13.34,18.7,18.75
"2016-09-29 06:00:00",1074,12.2,12.06,13.05,12.11,12.83,12.98,18.61,18.65
"2016-09-29 07:00:00",1075,12.16,12.06,12.73,12.08,12.51,12.66,18.61,18.65
"2016-09-29 08:00:00",1076,12.22,12.03,12.5,12.14,12.31,12.47,18.48,18.53
"2016-09-29 09:00:00",1077,13.25,12.8,14.1,13.17,14.34,14.51,18.38,18.42
"2016-09-29 10:00:00",1078,13.25,13.15,17.45,13.17,18.07,18.21,18.68,18.72
"2016-09-29 11:00:00",1079,13.25,13.15,18.78,13.17,19.32,19.47,18.71,18.75
"2016-09-29 12:00:00",1080,13.25,13.15,19.52,13.16,19.97,20.11,18.96,18.99
"2016-09-29 13:00:00",1081,13.25,13.15,20.09,13.17,20.23,20.42,18.99,19.03
"2016-09-29 14:00:00",1082,13.25,13.15,20.3,13.16,20.38,20.55,19.17,19.2
"2016-09-29 15:00:00",1083,13.26,13.15,19.95,13.17,19.98,20.11,19.46,19.49
"2016-09-29 16:00:00",1084,13.28,13.16,19.79,13.19,19.82,19.94,19.57,19.6
"2016-09-29 17:00:00",1085,13.25,13.15,20.84,13.16,21.16,21.23,19.5,19.54
"2016-09-29 18:00:00",1086,13.24,13.11,22.14,13.15,22.38,22.47,19.47,19.51
"2016-09-29 19:00:00",1087,12.94,12.53,22.66,12.85,22.71,22.82,19.32,19.35
"2016-09-29 20:00:00",1088,12.48,12.36,22.2,12.4,21.99,22.12,19.31,19.34
"2016-09-29 21:00:00",1089,12.42,12.3,21.47,12.34,21.26,21.38,19.11,19.14
"2016-09-29 22:00:00",1090,12.39,12.29,21.07,12.31,20.86,20.99,18.95,18.98
"2016-09-29 23:00:00",1091,12.38,12.26,20.55,12.3,20.32,20.45,18.98,19.01
"2016-09-30 00:00:00",1092,12.36,12.25,20.13,12.28,19.91,20.04,18.93,18.96
"2016-09-30 01:00:00",1093,12.35,12.25,19.76,12.27,19.55,19.68,18.98,19.01
"2016-09-30 02:00:00",1094,12.35,12.25,19.38,12.25,19.18,19.31,18.95,18.99
"2016-09-30 03:00:00",1095,12.32,12.21,19.07,12.23,18.86,18.99,18.87,18.91
"2016-09-30 04:00:00",1096,12.29,12.19,18.65,12.21,18.45,18.58,18.79,18.83
"2016-09-30 05:00:00",1097,12.27,12.15,18.13,12.19,17.88,18.02,18.46,18.49
"2016-09-30 06:00:00",1098,12.24,12.14,17.33,12.15,17.05,17.19,18.46,18.49
"2016-09-30 07:00:00",1099,12.22,12.1,16.83,12.12,16.6,16.73,18.46,18.5
"2016-09-30 08:00:00",1100,12.25,12.06,16.6,12.17,16.38,16.52,18.25,18.28
"2016-09-30 09:00:00",1101,13.19,12.69,17.56,13.1,17.71,17.87,18.4,18.44
"2016-09-30 10:00:00",1102,13.23,13.12,19.13,13.15,19.39,19.59,18.38,18.42
"2016-09-30 11:00:00",1103,13.24,13.14,19.79,13.16,19.98,20.16,18.46,18.49
"2016-09-30 12:00:00",1104,13.24,13.15,20.11,13.16,20.28,20.44,18.54,18.58
"2016-09-30 13:00:00",1105,13.25,13.13,20.43,13.16,20.62,20.77,18.62,18.66
"2016-09-30 14:00:00",1106,13.25,13.14,20.77,13.15,20.97,21.1,18.68,18.71
"2016-09-30 15:00:00",1107,13.25,13.14,21.03,13.16,21.19,21.3,18.77,18.81
"2016-09-30 16:00:00",1108,13.24,13.14,21.33,13.16,21.47,21.57,18.85,18.88
"2016-09-30 17:00:00",1109,13.25,13.14,21.79,13.16,21.94,22.03,18.83,18.86
"2016-09-30 18:00:00",1110,13.24,13.11,22.28,13.15,22.4,22.5,18.83,18.86
"2016-09-30 19:00:00",1111,12.95,12.5,22.42,12.86,22.4,22.52,18.75,18.78
"2016-09-30 20:00:00",1112,12.46,12.32,21.55,12.38,21.2,21.34,18.53,18.57
"2016-09-30 21:00:00",1113,12.39,12.29,19.45,12.32,18.95,19.09,18.48,18.51
"2016-09-30 22:00:00",1114,12.37,12.26,17.85,12.29,17.44,17.58,18.46,18.49
"2016-09-30 23:00:00",1115,12.36,12.25,17.1,12.27,16.84,16.98,18.47,18.51
