"TOA5","Buchillon","CR6","2688","CR6.Std.03","CPU:buchillon_v2_1.CR6","10245","WeatherSensor"
"TIMESTAMP","RECORD","WaterTemp35m_Avg","WaterTemp1m_Avg","AirTemp10m_Avg","SolarW_Avg","SolarWh_Tot","Rain_mm_Tot","AirTemp7m_Avg","RH_Avg","DewP_Avg","Gust_Max","Gust_TMx","Mean_Wind_Speed","Mean_Wind_Dir"
"TS","RN","Deg C","Deg C","Deg C","W/m^2","Wh/m^2","mm","Deg C","%","Deg C","m/s","m/s","m/s","Deg"
"","","Avg","Avg","Avg","Avg","Tot","Tot","Avg","Avg","Avg","Max","TMx","WVc","WVc"
"2016-09-08 13:00:00",577,7999,7999,20.47,736.9,4421.549,0,0,0,0,2.8,"2016-09-08 12:57:00",1.705,151.9
"2016-09-08 14:00:00",578,7999,7999,21.12,758.7,4551.972,0,0,0,0,5,"2016-09-08 13:56:00",3.069,131.7
"2016-09-08 15:00:00",579,"NAN","NAN","NAN","NAN","NAN",0,0,0,0,4.3,"2016-09-08 14:12:00",3.485,129.4
"2016-09-08 16:00:00",580,7999,7999,22.5,57.81,346.8313,0,0,0,0,4.7,"2016-09-08 15:38:00",3.74,127.9
"2016-09-08 17:00:00",581,7999,"INF",23.04,48.42,290.4975,0,0,0,0,4.4,"2016-09-08 16:43:00",3.094,125
"2016-09-08 18:00:00",582,7999,7999,23.7,45.21,271.2894,0,0,0,0,4.3,"2016-09-08 17:31:00",2.971,117.9
"2016-09-08 19:00:00",583,7999,7999,24.56,41.51,249.048,0,0,0,0,4,"2016-09-08 18:02:00",2.176,115.5
"2016-09-08 20:00:00",584,7999,7999,23.75,35.51,213.0374,0,0,0,0,3.1,"2016-09-08 19:01:00",1.468,94.7
"2016-09-08 21:00:00",585,7999,7999,23.06,0,0,0,0,0,0,2.6,"2016-09-08 20:57:00",1.157,81.4
"2016-09-08 22:00:00",586,7999,7999,23.48,0,0,0,0,0,0,5.6,"2016-09-08 21:36:00",2.09,154.4
"2016-09-08 23:00:00",587,7999,7999,22.35,0,0,0,0,0,0,4.3,"2016-09-08 22:01:00",2.474,214.6
"2016-09-09 00:00:00",588,7999,7999,21,0,0,0,0,0,0,2.6,"2016-09-08 23:33:00",1.229,31.62
"2016-09-09 01:00:00",589,7999,7999,18.96,0,0,0,0,0,0,2.6,"2016-09-09 00:07:00",1.704,38.84
"2016-09-09 02:00:00",590,7999,7999,18.59,0,0,0,0,0,0,2.6,"2016-09-09 01:01:00",1.731,37.26
"2016-09-09 03:00:00",591,7999,7999,18.32,0,0,0,0,0,0,2.8,"2016-09-09 02:42:00",1.721,45.44
"2016-09-09 04:00:00",592,7999,7999,18.1,0,0,0,0,0,0,2.9,"2016-09-09 03:49:00",1.817,36.96
"2016-09-09 05:00:00",593,7999,"INF",17.58,0,0,0,0,0,0,2.5,"2016-09-09 04:04:00",2.022,36.85
"2016-09-09 06:00:00",594,7999,7999,16.58,0,0,0,0,0,0,2.7,"2016-09-09 05:09:00",2.207,38.99
"2016-09-09 07:00:00",595,7999,7999,16.55,0,0,0,0,0,0,2.3,"2016-09-09 06:00:10",1.162,40.33
"2016-09-09 08:00:00",596,7999,7999,16.42,45.09,270.5434,0,0,0,0,1.6,"2016-09-09 07:18:00",0.755,37.14
"2016-09-09 09:00:00",597,7999,"INF",18.95,194.1,1164.797,0,0,0,0,2,"2016-09-09 08:49:00",0.754,31.82
"2016-09-09 10:00:00",598,7999,"INF",19.59,358.3,2149.677,0,0,0,0,2.9,"2016-09-09 09:26:00",1.723,239.6
"2016-09-09 11:00:00",599,7999,7999,19.84,514.1,3084.878,0,0,0,0,2.6,"2016-09-09 10:20:00",1.712,244.2
"2016-09-09 12:00:00",600,7999,7999,20.13,637.6,3825.44,0,0,0,0,2.4,"2016-09-09 11:21:00",1.501,227.3
"2016-09-09 13:00:00",601,7999,7999,20.81,712.5,4274.896,0,0,0,0,1.9,"2016-09-09 12:40:00",1.314,208.1
"2016-09-09 14:00:00",602,7999,7999,21.47,740.7,4444.031,0,0,0,0,1.9,"2016-09-09 13:41:00",1.23,179.6
"2016-09-09 15:00:00",603,7999,7999,22.27,561.6,3369.518,0,0,0,0,1.7,"2016-09-09 14:00:10",0.858,181.6
"2016-09-09 16:00:00",604,7999,7999,22.92,62.23,373.3722,0,0,0,0,1.6,"2016-09-09 15:05:00",0.958,210.3
"2016-09-09 17:00:00",605,7999,7999,23.88,53.26,319.5766,0,0,0,0,1.7,"2016-09-09 16:01:00",0.964,263.3
"2016-09-09 18:00:00",606,7999,"INF",24.68,50.16,300.935,0,0,0,0,1.7,"2016-09-09 17:03:00",0.872,252.1
"2016-09-09 19:00:00",607,7999,7999,26.32,38.82,232.89,0,0,0,0,3.6,"2016-09-09 18:35:00",1.145,81
"2016-09-09 20:00:00",608,7999,7999,25.5,27.16,162.9658,0,0,0,0,2.3,"2016-09-09 19:16:00",0.897,44.04
"2016-09-09 21:00:00",609,7999,7999,23.25,0,0,0,0,0,0,3.7,"2016-09-09 20:30:00",1.173,36.33
"2016-09-09 22:00:00",610,7999,7999,22.91,0,0,0,0,0,0,3.6,"2016-09-09 21:15:00",1.335,47.89
"2016-09-09 23:00:00",611,7999,7999,22.65,0,0,0,0,0,0,3.1,"2016-09-09 22:14:00",1.457,46.31
"2016-09-10 00:00:00",612,7999,7999,22,0,0,0,0,0,0,2.2,"2016-09-09 23:03:00",0.659,52.75
"2016-09-10 01:00:00",613,7999,7999,20.8,0,0,0,0,0,0,2.9,"2016-09-10 00:45:00",0.904,300.2
"2016-09-10 02:00:00",614,7999,7999,19.29,0,0,0,0,0,0,2.4,"2016-09-10 01:18:00",1.418,28.09
"2016-09-10 03:00:00",615,7999,"INF",18.27,0,0,0,0,0,0,2.6,"2016-09-10 02:40:00",1.969,42.07
"2016-09-10 04:00:00",616,7999,7999,17.43,0,0,0,0,0,0,2.9,"2016-09-10 03:55:00",2.069,41.75
"2016-09-10 05:00:00",617,7999,"INF",16.84,0,0,0,0,0,0,2.9,"2016-09-10 04:38:00",2.248,40.69
"2016-09-10 06:00:00",618,7999,7999,16.69,0,0,0,0,0,0,2.9,"2016-09-10 05:27:00",2.252,37.25
"2016-09-10 07:00:00",619,7999,"INF",16.01,0.003,0.01867838,0,0,0,0,3,"2016-09-10 06:31:00",2.286,39.71
"2016-09-10 08:00:00",620,7999,7999,16.21,44.28,265.6652,0,0,0,0,2.6,"2016-09-10 07:32:00",2.055,41.13
"2016-09-10 09:00:00",621,7999,7999,18.23,189.5,1136.722,0,0,0,0,2.5,"2016-09-10 08:55:00",1.253,66.97
"2016-09-10 10:00:00",622,7999,7999,19.33,350.1,2100.884,0,0,0,0,1.8,"2016-09-10 09:40:00",0.871,263.1
"2016-09-10 11:00:00",623,7999,7999,19.6,505.2,3030.991,0,0,0,0,1.9,"2016-09-10 10:52:00",1.102,261.2
"2016-09-10 12:00:00",624,7999,"INF",20.47,632.8,3796.771,0,0,0,0,2.1,"2016-09-10 11:29:00",1.326,215.9
"2016-09-10 13:00:00",625,7999,7999,21.13,706.3,4238,0,0,0,0,1.9,"2016-09-10 12:05:00",1.269,197.6
"2016-09-10 14:00:00",626,7999,7999,21.72,724.1,4344.317,0,0,0,0,1.7,"2016-09-10 13:44:00",1.17,220.1
"2016-09-10 15:00:00",627,7999,7999,22.71,538.4,3230.254,0,0,0,0,1.6,"2016-09-10 14:47:00",0.896,263.6
"2016-09-10 16:00:00",628,7999,"INF",23.81,85.1,510.797,0,0,0,0,1.7,"2016-09-10 16:00:00",0.74,261.6
"2016-09-10 17:00:00",629,7999,7999,24.38,80.3,481.5418,0,0,0,0,1.8,"2016-09-10 16:04:00",0.959,207.6
"2016-09-10 18:00:00",630,7999,7999,25.43,78.11,468.6815,0,0,0,0,2.1,"2016-09-10 17:15:00",0.616,289.7
"2016-09-10 19:00:00",631,7999,7999,25.9,41.88,251.2874,0,0,0,0,1.7,"2016-09-10 18:45:00",0.756,352.9
"2016-09-10 20:00:00",632,7999,7999,23.74,15.6,93.62132,0,0,0,0,3,"2016-09-10 19:09:00",1.099,64.68
"2016-09-10 21:00:00",633,7999,7999,22.31,0,0,0,0,0,0,1.9,"2016-09-10 20:03:00",1.088,44.44
"2016-09-10 22:00:00",634,7999,7999,22.57,0,0,0,0,0,0,2.5,"2016-09-10 21:11:00",0.945,99.3
"2016-09-10 23:00:00",635,7999,7999,21.74,0,0,0,0,0,0,2.4,"2016-09-10 22:29:00",0.916,15.25
"2016-09-11 00:00:00",636,7999,7999,21.41,0,0,0,0,0,0,2.8,"2016-09-10 23:50:00",1.321,359
"2016-09-11 01:00:00",637,7999,7999,21.95,0,0,0,0,0,0,4.1,"2016-09-11 00:07:00",1.981,265.2
"2016-09-11 02:00:00",638,7999,7999,20.01,0,0,0,0,0,0,2.3,"2016-09-11 01:47:00",1.186,25.5
"2016-09-11 03:00:00",639,7999,7999,18.78,0,0,0,0,0,0,2.3,"2016-09-11 02:00:10",1.775,38.33
"2016-09-11 04:00:00",640,7999,7999,18.58,0,0,0,0,0,0,2.6,"2016-09-11 03:36:00",1.341,45.79
"2016-09-11 05:00:00",641,7999,7999,18.45,0,0,0,0,0,0,2.5,"2016-09-11 04:44:00",1.285,36.82
"2016-09-11 06:00:00",642,7999,7999,16.99,0,0,0,0,0,0,3.2,"2016-09-11 05:07:00",1.835,37.81
"2016-09-11 07:00:00",643,7999,7999,17.02,0,0,0,0,0,0,2.7,"2016-09-11 06:45:00",2.046,39.25
"2016-09-11 08:00:00",644,7999,7999,16.74,23.41,140.4751,0,0,0,0,2.9,"2016-09-11 07:15:00",1.992,42.87
"2016-09-11 09:00:00",645,7999,"INF",18.27,167.2,1003.17,0,0,0,0,2.4,"2016-09-11 08:03:00",1.459,54.79
"2016-09-11 10:00:00",646,7999,7999,20.13,337.5,2024.71,0,0,0,0,2.2,"2016-09-11 09:30:00",1.503,154.5
"2016-09-11 11:00:00",647,7999,7999,20.23,486.9,2921.662,0,0,0,0,2.6,"2016-09-11 10:50:00",1.732,215.7
"2016-09-11 12:00:00",648,7999,"INF",20.87,597,3581.927,0,0,0,0,2.3,"2016-09-11 11:10:00",1.196,233.4
"2016-09-11 13:00:00",649,7999,7999,21.3,567.6,3405.323,0,0,0,0,1.6,"2016-09-11 12:03:00",0.965,236.7
"2016-09-11 14:00:00",650,7999,7999,21.96,693.3,4159.859,0,0,0,0,1.8,"2016-09-11 13:35:00",1.116,224.5
"2016-09-11 15:00:00",651,7999,7999,22.74,554.1,3324.62,0,0,0,0,2,"2016-09-11 14:10:00",1.004,191.7
"2016-09-11 16:00:00",652,7999,7999,23.32,215.8,1294.578,0,0,0,0,2.6,"2016-09-11 15:24:00",1.379,210.3
"2016-09-11 17:00:00",653,7999,7999,23.88,184.5,1106.744,0,0,0,0,1.6,"2016-09-11 16:03:00",0.597,225.9
"2016-09-11 18:00:00",654,7999,7999,24.17,132.7,796.3929,0,0,0,0,2.1,"2016-09-11 17:17:00",1.16,167.8
"2016-09-11 19:00:00",655,7999,7999,26.11,42.4,254.4216,0,0,0,0,4.1,"2016-09-11 18:38:00",1.372,84.2
"2016-09-11 20:00:00",656,7999,7999,24.82,7.38,44.27949,0,0,0,0,2.8,"2016-09-11 19:02:00",0.883,44.48
"2016-09-11 21:00:00",657,7999,7999,23.4,0,0,0,0,0,0,2.9,"2016-09-11 20:41:00",1.052,41.11
"2016-09-11 22:00:00",658,7999,"INF",22.99,0,0,0,0,0,0,3,"2016-09-11 21:37:00",1.346,41.42
"2016-09-11 23:00:00",659,7999,7999,22.02,0,0,0,0,0,0,3.1,"2016-09-11 22:50:00",1.147,64.19
"2016-09-12 00:00:00",660,7999,7999,22.13,0,0,0,0,0,0,2.3,"2016-09-11 23:00:10",0.97,32.77
"2016-09-12 01:00:00",661,7999,7999,22.07,0,0,0,0,0,0,4.8,"2016-09-12 00:20:00",2.111,252.7
"2016-09-12 02:00:00",662,7999,7999,21.05,0,0,0,0,0,0,1.6,"2016-09-12 01:04:00",0.536,340.9
"2016-09-12 03:00:00",663,7999,7999,19.66,0,0,0,0,0,0,2.3,"2016-09-12 02:23:00",1.705,38.9
"2016-09-12 04:00:00",664,7999,7999,19.12,0,0,0,0,0,0,2.4,"2016-09-12 03:50:00",1.79,46.22
"2016-09-12 05:00:00",665,7999,"INF",18.51,0,0,0,0,0,0,2.8,"2016-09-12 04:26:00",2.056,41.41
"2016-09-12 06:00:00",666,7999,7999,17.9,0,0,0,0,0,0,3,"2016-09-12 05:09:00",2.194,39.32
"2016-09-12 07:00:00",667,7999,"INF",17.58,0.008,0.04678444,0,0,0,0,2.7,"2016-09-12 06:19:00",2.053,40.51
"2016-09-12 08:00:00",668,7999,7999,17.86,16.43,98.57154,0,0,0,0,2.4,"2016-09-12 07:04:00",1.664,40.11
"2016-09-12 09:00:00",669,7999,7999,18.92,61.57,369.408,0,0,0,0,2.4,"2016-09-12 08:07:00",1.476,33.98
"2016-09-12 10:00:00",670,7999,"INF",20.19,156.4,938.6104,0,0,0,0,2.3,"2016-09-12 09:43:00",0.947,67.44
"2016-09-12 11:00:00",671,7999,7999,20.64,282,1691.962,0,0,0,0,2.4,"2016-09-12 10:01:00",1.308,251.9
"2016-09-12 12:00:00",672,7999,7999,20.96,353.4,2120.3,0,0,0,0,1.5,"2016-09-12 11:27:00",0.868,230.9
"2016-09-12 13:00:00",673,7999,7999,21.66,656.5,3938.749,0,0,0,0,1.9,"2016-09-12 12:56:00",0.95,205.7
"2016-09-12 14:00:00",674,7999,7999,22.21,496,2975.97,0,0,0,0,3.4,"2016-09-12 13:52:00",2.133,154.8
"2016-09-12 15:00:00",675,7999,7999,22.38,365.1,2190.675,0,0,0,0,3.8,"2016-09-12 14:18:00",2.881,128.9
"2016-09-12 16:00:00",676,7999,7999,22.98,157.5,945.1231,0,0,0,0,3.2,"2016-09-12 15:34:00",2.041,118.5
"2016-09-12 17:00:00",677,7999,7999,23.65,60.5,362.9801,0,0,0,0,3,"2016-09-12 16:06:00",1.49,105
"2016-09-12 18:00:00",678,7999,7999,23.69,32.36,194.1674,0,0,0,0,3,"2016-09-12 17:20:00",1.396,86.6
"2016-09-12 19:00:00",679,7999,"INF",23.62,44.4,266.37,0,0,0,0,4.3,"2016-09-12 18:36:00",2.168,73.11
"2016-09-12 20:00:00",680,7999,"INF",23.23,28.5,170.992,0,0,0,0,4.1,"2016-09-12 19:18:00",1.622,59.45
"2016-09-12 21:00:00",681,7999,7999,23.22,0,0,0,0,0,0,3.8,"2016-09-12 20:48:00",1.254,47.61
"2016-09-12 22:00:00",682,7999,"INF",22.35,0,0,0,0,0,0,2.1,"2016-09-12 21:09:00",0.681,28.8
"2016-09-12 23:00:00",683,7999,7999,22.57,0,0,0,0,0,0,8.4,"2016-09-12 22:17:00",3.326,299.1
"2016-09-13 00:00:00",684,7999,7999,22.76,0,0,0,0,0,0,6,"2016-09-12 23:37:00",2.188,326.5
"2016-09-13 01:00:00",685,7999,7999,22.06,0,0,0,0,0,0,7.4,"2016-09-13 00:04:00",3.018,281.9
"2016-09-13 02:00:00",686,7999,7999,21.43,0,0,0,0,0,0,4.8,"2016-09-13 01:24:00",2.54,255
"2016-09-13 03:00:00",687,7999,7999,20,0,0,0,0,0,0,2.9,"2016-09-13 02:24:00",1.783,234
"2016-09-13 04:00:00",688,7999,7999,18.14,0,0,0,0,0,0,2.8,"2016-09-13 03:17:00",1.468,11.24
"2016-09-13 05:00:00",689,7999,7999,17.8,0,0,0,0,0,0,2,"2016-09-13 04:11:00",1.166,7.997
"2016-09-13 06:00:00",690,7999,"INF",17.11,0,0,0,0,0,0,2.4,"2016-09-13 05:18:00",1.701,25.87
"2016-09-13 07:00:00",691,7999,7999,16.81,0,0,0,0,0,0,2.6,"2016-09-13 06:04:00",1.716,21.38
"2016-09-13 08:00:00",692,7999,"INF",16.17,31.33,188.009,0,0,0,0,2.8,"2016-09-13 07:54:00",1.625,28.99
"2016-09-13 09:00:00",693,7999,7999,16.72,119.3,715.9183,0,0,0,0,2.5,"2016-09-13 08:04:00",1.514,33.57
"2016-09-13 10:00:00",694,7999,"INF",19.03,352.2,2113.443,0,0,0,0,2.2,"2016-09-13 09:35:00",0.747,310.4
"2016-09-13 11:00:00",695,7999,7999,19.77,509.5,3056.701,0,0,0,0,2.5,"2016-09-13 10:17:00",1.684,251.3
"2016-09-13 12:00:00",696,7999,7999,20.25,627.5,3764.957,0,0,0,0,2.4,"2016-09-13 11:03:00",1.493,222.2
"2016-09-13 13:00:00",697,7999,7999,20.84,702.9,4217.148,0,0,0,0,2,"2016-09-13 12:23:00",1.32,231
"2016-09-13 14:00:00",698,7999,7999,21.56,714.9,4289.182,0,0,0,0,2,"2016-09-13 13:24:00",1.105,269.8
"2016-09-13 15:00:00",699,7999,7999,22.73,521.4,3128.173,0,0,0,0,1.6,"2016-09-13 14:49:00",0.785,282.6
"2016-09-13 16:00:00",700,7999,7999,23.95,67.79,406.761,0,0,0,0,1.5,"2016-09-13 15:04:00",0.745,248.6
"2016-09-13 17:00:00",701,7999,7999,23.97,315.6,1893.327,0,0,0,0,2.1,"2016-09-13 16:42:00",1.146,166
"2016-09-13 18:00:00",702,7999,7999,23.96,129.5,777.0959,0,0,0,0,2.7,"2016-09-13 17:56:00",1.704,133.4
"2016-09-13 19:00:00",703,7999,7999,23.81,43.17,259.0064,0,0,0,0,2.8,"2016-09-13 18:23:00",1.63,119.5
"2016-09-13 20:00:00",704,7999,7999,23.3,17.86,107.1875,0,0,0,0,2.1,"2016-09-13 19:16:00",1.114,84.4
"2016-09-13 21:00:00",705,7999,"INF",21.91,0,0,0,0,0,0,2,"2016-09-13 20:02:00",0.805,73.8
"2016-09-13 22:00:00",706,7999,"INF",22.02,0,0,0,0,0,0,1.8,"2016-09-13 21:09:00",1.171,64.03
"2016-09-13 23:00:00",707,7999,7999,20.84,0,0,0,0,0,0,2.3,"2016-09-13 22:32:00",0.878,43.7
"2016-09-14 00:00:00",708,7999,"INF",21.6,0,0,0,0,0,0,4.5,"2016-09-13 23:39:00",1.488,310
"2016-09-14 01:00:00",709,7999,7999,21.03,0,0,0,0,0,0,2.6,"2016-09-14 00:58:00",1.408,45.58
"2016-09-14 02:00:00",710,7999,"INF",20.41,0,0,0,0,0,0,3,"2016-09-14 01:14:00",1.729,78.2
"2016-09-14 03:00:00",711,7999,7999,19.05,0,0,0,0,0,0,2.2,"2016-09-14 02:25:00",1.494,30.65
"2016-09-14 04:00:00",712,7999,7999,18.07,0,0,0,0,0,0,2.4,"2016-09-14 03:18:00",1.501,49.9
"2016-09-14 05:00:00",713,7999,7999,18.35,0,0,0,0,0,0,2.5,"2016-09-14 04:31:00",1.614,38.94
"2016-09-14 06:00:00",714,7999,"INF",17.96,0,0,0,0,0,0,2.4,"2016-09-14 05:36:00",1.514,47.79
"2016-09-14 07:00:00",715,7999,7999,17.39,0,0,0,0,0,0,2.7,"2016-09-14 06:06:00",1.834,38.76
"2016-09-14 08:00:00",716,7999,7999,17.31,29.56,177.3484,0,0,0,0,2.1,"2016-09-14 07:46:00",0.954,39.45
"2016-09-14 09:00:00",717,7999,7999,18.67,168.5,1011.039,0,0,0,0,1.9,"2016-09-14 08:08:00",1.037,41.16
"2016-09-14 10:00:00",718,7999,7999,21.02,337.5,2025.215,0,0,0,0,4,"2016-09-14 09:56:00",1.158,114.2
"2016-09-14 11:00:00",719,7999,7999,21.47,498.2,2989.034,0,0,0,0,4.4,"2016-09-14 10:49:00",2.421,156.2
"2016-09-14 12:00:00",720,7999,7999,21.21,608.9,3653.568,0,0,0,0,3.3,"2016-09-14 11:03:00",1.78,236.5
"2016-09-14 13:00:00",721,7999,7999,21.65,678.3,4070.094,0,0,0,0,3,"2016-09-14 12:58:00",1.787,254
"2016-09-14 14:00:00",722,7999,"INF",22.72,700.9,4205.189,0,0,0,0,3.9,"2016-09-14 14:00:00",2.314,256.9
"2016-09-14 15:00:00",723,7999,"INF",23.6,514.7,3088.215,0,0,0,0,4.5,"2016-09-14 14:03:00",2.785,258.6
"2016-09-14 16:00:00",724,7999,7999,24.95,111.6,669.8356,0,0,0,0,6,"2016-09-14 15:54:00",2.358,174.1
"2016-09-14 17:00:00",725,7999,7999,25.81,359.3,2155.917,0,0,0,0,4.6,"2016-09-14 16:43:00",2.189,139.7
"2016-09-14 18:00:00",726,7999,"INF",25.55,134.8,808.9615,0,0,0,0,3.3,"2016-09-14 17:40:00",1.797,115.1
"2016-09-14 19:00:00",727,7999,7999,25.62,50.93,305.6023,0,0,0,0,3.8,"2016-09-14 18:58:00",1.66,100.6
"2016-09-14 20:00:00",728,7999,"INF",25.47,9.64,57.82167,0,0,0,0,3.4,"2016-09-14 19:00:10",1.185,54.7
"2016-09-14 21:00:00",729,7999,"INF",24.25,0,0,0,0,0,0,3.1,"2016-09-14 20:22:00",1.174,51.82
"2016-09-14 22:00:00",730,7999,7999,23.94,0,0,0,0,0,0,2.6,"2016-09-14 21:51:00",0.946,46.03
"2016-09-14 23:00:00",731,7999,7999,23.26,0,0,0,0,0,0,2,"2016-09-14 22:03:00",0.628,41.71
"2016-09-15 00:00:00",732,7999,7999,23.08,0,0,0,0,0,0,3.5,"2016-09-14 23:08:00",1.211,307.2
"2016-09-15 01:00:00",733,7999,"INF",22.04,0,0,0,0,0,0,2,"2016-09-15 00:38:00",1.154,36.43
"2016-09-15 02:00:00",734,7999,7999,21.16,0,0,0,0,0,0,2.2,"2016-09-15 01:19:00",1.275,49.42
"2016-09-15 03:00:00",735,7999,7999,20.85,0,0,0,0,0,0,2.2,"2016-09-15 02:12:00",0.954,14.53
"2016-09-15 04:00:00",736,7999,7999,20.31,0,0,0,0,0,0,4.9,"2016-09-15 04:00:00",1.284,25.77
"2016-09-15 05:00:00",737,7999,7999,21.71,0,0,0,0,0,0,10.7,"2016-09-15 04:54:00",4.641,287.7
"2016-09-15 06:00:00",738,7999,7999,21.13,0,0,0,0,0,0,11.5,"2016-09-15 06:00:00",8.23,262.1
"2016-09-15 07:00:00",739,7999,7999,19.72,0.006,0.03434902,0,0,0,0,13.6,"2016-09-15 06:13:00",9.69,265.5
"2016-09-15 08:00:00",740,7999,"INF",16.63,1.029,6.171038,0,0,0,0,12.4,"2016-09-15 07:01:00",3.854,308.5
"2016-09-15 09:00:00",741,7999,"INF",17.39,12.81,76.85885,0,0,0,0,5.1,"2016-09-15 08:41:00",2.132,321.9
"2016-09-15 10:00:00",742,7999,7999,17.24,20.34,122.0274,0,0,0,0,4.4,"2016-09-15 09:03:00",1.392,54.74
"2016-09-15 11:00:00",743,7999,7999,17.99,140.7,844.0603,0,0,0,0,4.7,"2016-09-15 10:55:00",2.522,254.8
"2016-09-15 12:00:00",744,7999,7999,18.45,345.1,2070.663,0,0,0,0,4.2,"2016-09-15 11:00:10",1.392,238.9
"2016-09-15 13:00:00",745,7999,"INF",19.15,553,3317.852,0,0,0,0,2.4,"2016-09-15 12:16:00",0.847,229.6
"2016-09-15 14:00:00",746,7999,"INF",19.92,540.5,3243.214,0,0,0,0,2.7,"2016-09-15 14:00:00",0.865,195.1
"2016-09-15 15:00:00",747,7999,"INF",19.74,317.9,1907.531,0,0,0,0,4.1,"2016-09-15 14:34:00",2.828,139.5
"2016-09-15 16:00:00",748,7999,7999,19.95,146.3,877.7811,0,0,0,0,3.7,"2016-09-15 15:53:00",2.594,136.3
"2016-09-15 17:00:00",749,7999,7999,20.07,76.76,460.5775,0,0,0,0,4,"2016-09-15 16:21:00",2.032,118.1
"2016-09-15 18:00:00",750,7999,7999,18.39,57.19,343.157,0,0,0,0,2.6,"2016-09-15 17:03:00",1.056,41.97
"2016-09-15 19:00:00",751,7999,7999,18.18,85.1,510.3169,0,0,0,0,3,"2016-09-15 18:05:00",1.124,60.46
"2016-09-15 20:00:00",752,7999,"INF",17.5,10.55,63.31776,0,0,0,0,2.5,"2016-09-15 19:06:00",0.838,37.68
"2016-09-15 21:00:00",753,7999,7999,16.94,0,0,0,0,0,0,3.2,"2016-09-15 20:33:00",1.047,66.67
"2016-09-15 22:00:00",754,7999,7999,17,0,0,0,0,0,0,2.6,"2016-09-15 22:00:00",0.915,42.14
"2016-09-15 23:00:00",755,7999,7999,16.91,0,0,0,0,0,0,2.6,"2016-09-15 22:00:10",0.972,41.76
"2016-09-16 00:00:00",756,7999,7999,16.82,0,0,0,0,0,0,2.5,"2016-09-15 23:56:00",0.948,33.87
"2016-09-16 01:00:00",757,7999,"INF",17.15,0,0,0,0,0,0,4.6,"2016-09-16 00:44:00",1.276,40.37
"2016-09-16 02:00:00",758,7999,7999,17.15,0,0,0,0,0,0,3.7,"2016-09-16 01:47:00",0.991,24.21
"2016-09-16 03:00:00",759,7999,"INF",15.37,0,0,0,0,0,0,3.7,"2016-09-16 03:00:00",1.037,35.79
"2016-09-16 04:00:00",760,7999,7999,13.64,0,0,0,0,0,0,3.7,"2016-09-16 03:00:10",1.247,9.22
"2016-09-16 05:00:00",761,7999,"INF",13.71,0,0,0,0,0,0,3.9,"2016-09-16 04:34:00",1.362,348.6
"2016-09-16 06:00:00",762,7999,"INF",13.51,0,0,0,0,0,0,3.9,"2016-09-16 05:11:00",1.38,9.27
"2016-09-16 07:00:00",763,7999,7999,13,0,0,0,0,0,0,3.2,"2016-09-16 06:35:00",1.37,37.17
"2016-09-16 08:00:00",764,7999,"INF",12.99,3.453,20.71791,0,0,0,0,2.7,"2016-09-16 07:02:00",0.989,34.85
"2016-09-16 09:00:00",765,7999,"INF",13.02,12.46,74.77386,0,0,0,0,2.2,"2016-09-16 08:37:00",0.829,42.15
"2016-09-16 10:00:00",766,7999,7999,13.45,45.78,274.6808,0,0,0,0,2.7,"2016-09-16 09:36:00",0.726,24.68
"2016-09-16 11:00:00",767,7999,"INF",14.21,122.2,733.0311,0,0,0,0,2.2,"2016-09-16 10:42:00",0.758,33.37
"2016-09-16 12:00:00",768,7999,7999,14.93,179.6,1077.502,0,0,0,0,2.5,"2016-09-16 11:41:00",0.783,19.72
"2016-09-16 13:00:00",769,7999,"INF",15.79,203.7,1222.167,0,0,0,0,1.8,"2016-09-16 12:19:00",0.777,338.4
"2016-09-16 14:00:00",770,7999,7999,16.56,474.4,2846.508,0,0,0,0,2.5,"2016-09-16 13:51:00",0.87,177.6
"2016-09-16 15:00:00",771,7999,7999,16.66,439.5,2637.24,0,0,0,0,4.2,"2016-09-16 14:56:00",2.199,141
"2016-09-16 16:00:00",772,7999,"INF",16.83,283.9,1703.222,0,0,0,0,4.2,"2016-09-16 15:00:10",1.949,163.1
"2016-09-16 17:00:00",773,7999,7999,16.97,154.5,927.2485,0,0,0,0,2.6,"2016-09-16 16:24:00",1.522,226.3
"2016-09-16 18:00:00",774,7999,7999,16.99,115.1,690.4632,0,0,0,0,3.6,"2016-09-16 17:59:00",2.112,202.4
"2016-09-16 19:00:00",775,7999,7999,16.85,28.41,170.4813,0,0,0,0,3.9,"2016-09-16 18:11:00",1.565,179
"2016-09-16 20:00:00",776,7999,7999,15.66,0.561,3.367687,0,0,0,0,6,"2016-09-16 19:53:00",3.274,281.4
"2016-09-16 21:00:00",777,7999,7999,15.16,0.136,0.8149075,0,0,0,0,5.3,"2016-09-16 20:03:00",2.634,263.4
"2016-09-16 22:00:00",778,7999,"INF",14.06,0,0,0,0,0,0,2.4,"2016-09-16 21:12:00",1.163,37.01
"2016-09-16 23:00:00",779,7999,"INF",14.14,0,0,0,0,0,0,2.3,"2016-09-16 22:34:00",1.307,21.84
"2016-09-17 00:00:00",780,7999,7999,14.36,0.246,1.478773,0,0,0,0,3.6,"2016-09-16 23:53:00",1.372,3.322
"2016-09-17 01:00:00",781,7999,7999,15.54,0.57,3.422742,0,0,0,0,6.5,"2016-09-17 00:50:00",2.419,316.2
"2016-09-17 02:00:00",782,7999,7999,15.62,0.034,0.2041254,0,0,0,0,5.7,"2016-09-17 01:08:00",2.105,300
"2016-09-17 03:00:00",783,7999,7999,15.34,0,0,0,0,0,0,6.7,"2016-09-17 02:43:00",2.572,295.5
"2016-09-17 04:00:00",784,7999,"INF",15.1,0.001,0.007279355,0,0,0,0,6.8,"2016-09-17 03:20:00",2.684,294.5
"2016-09-17 05:00:00",785,7999,"INF",14.8,0,0,0,0,0,0,7.8,"2016-09-17 04:39:00",3.373,285
"2016-09-17 06:00:00",786,7999,7999,13.93,0.024,0.1464972,0,0,0,0,11.1,"2016-09-17 05:49:00",5.418,278.3
"2016-09-17 07:00:00",787,7999,7999,14.03,0.012,0.07385523,0,0,0,0,11.9,"2016-09-17 06:56:00",5.676,269.6
"2016-09-17 08:00:00",788,7999,"INF",14.46,2.905,17.43124,0,0,0,0,9.6,"2016-09-17 07:59:00",6.454,258.7
"2016-09-17 09:00:00",789,7999,"INF",15.21,19.63,117.7938,0,0,0,0,10.8,"2016-09-17 08:56:00",6.787,267.3
"2016-09-17 10:00:00",790,7999,"INF",14.94,33.81,202.8588,0,0,0,0,10.1,"2016-09-17 09:10:00",7.01,262.5
"2016-09-17 11:00:00",791,7999,"INF",14.35,100.2,601.147,0,0,0,0,9.9,"2016-09-17 10:17:00",7.104,257.7
"2016-09-17 12:00:00",792,7999,7999,14.27,169.2,1015.162,0,0,0,0,9.4,"2016-09-17 11:12:00",7.068,256.2
"2016-09-17 13:00:00",793,7999,"INF",14.53,361.5,2168.84,0,0,0,0,8.7,"2016-09-17 12:22:00",6.055,253
"2016-09-17 14:00:00",794,7999,7999,14.8,409.4,2456.392,0,0,0,0,6.4,"2016-09-17 13:11:00",3.999,263.1
"2016-09-17 15:00:00",795,7999,"INF",15.07,279.3,1675.759,0,0,0,0,6.7,"2016-09-17 14:03:00",3.884,266.4
"2016-09-17 16:00:00",796,7999,"INF",15.64,177.5,1065.188,0,0,0,0,5.7,"2016-09-17 15:55:00",3.5,264.8
"2016-09-17 17:00:00",797,7999,7999,15.72,96.5,578.8029,0,0,0,0,5.5,"2016-09-17 16:10:00",2.929,263.7
"2016-09-17 18:00:00",798,7999,7999,15.98,67.49,404.9555,0,0,0,0,4.5,"2016-09-17 17:01:00",1.597,212
"2016-09-17 19:00:00",799,7999,"INF",15.6,24.56,147.3426,0,0,0,0,7.8,"2016-09-17 18:44:00",2.168,81.3
"2016-09-17 20:00:00",800,7999,"INF",15.42,4.706,28.2372,0,0,0,0,6.3,"2016-09-17 19:02:00",3.768,223.3
"2016-09-17 21:00:00",801,7999,"INF",15.23,0,0,0,0,0,0,6,"2016-09-17 20:23:00",4.273,245
"2016-09-17 22:00:00",802,7999,7999,15.15,0,0,0,0,0,0,6.1,"2016-09-17 21:28:00",3.499,271.1
"2016-09-17 23:00:00",803,7999,"INF",14.25,0,0,0,0,0,0,3.7,"2016-09-17 22:12:00",1.699,345.1
"2016-09-18 00:00:00",804,7999,"INF",13.35,0,0,0,0,0,0,2,"2016-09-17 23:03:00",0.845,40.78
"2016-09-18 01:00:00",805,7999,"INF",12.8,0,0,0,0,0,0,1.8,"2016-09-18 00:02:00",0.653,45.28
"2016-09-18 02:00:00",806,7999,7999,12.66,0,0,0,0,0,0,1.9,"2016-09-18 01:37:00",0.601,47.59
"2016-09-18 03:00:00",807,7999,7999,12.7,0,0,0,0,0,0,1.5,"2016-09-18 02:21:00",0.715,49.89
"2016-09-18 04:00:00",808,7999,7999,12.3,0,0,0,0,0,0,1.5,"2016-09-18 03:05:00",0.878,35.16
"2016-09-18 05:00:00",809,7999,7999,13,0,0,0,0,0,0,2,"2016-09-18 04:23:00",1.106,40.23
"2016-09-18 06:00:00",810,7999,"INF",13.28,0.006,0.03336389,0,0,0,0,2.2,"2016-09-18 05:01:00",1.256,36.63
"2016-09-18 07:00:00",811,7999,7999,13.01,0,0,0,0,0,0,2.3,"2016-09-18 06:56:00",1.338,45.38
"2016-09-18 08:00:00",812,7999,"INF",12.67,1.794,10.76159,0,0,0,0,2,"2016-09-18 07:31:00",1.223,40.8
"2016-09-18 09:00:00",813,7999,"INF",12.65,15.01,90.07366,0,0,0,0,1.9,"2016-09-18 08:57:00",1.05,34.91
"2016-09-18 10:00:00",814,7999,"INF",12.84,26.56,159.3782,0,0,0,0,2.3,"2016-09-18 09:59:00",0.766,34.18
"2016-09-18 11:00:00",815,7999,"INF",13.56,72.41,434.4445,0,0,0,0,4.8,"2016-09-18 10:42:00",1.821,289.8
"2016-09-18 12:00:00",816,7999,7999,13.62,147.2,883.2784,0,0,0,0,5.5,"2016-09-18 11:51:00",2.712,282.5
"2016-09-18 13:00:00",817,7999,"INF",13.72,257.3,1543.501,0,0,0,0,6.5,"2016-09-18 12:30:00",2.99,280.5
"2016-09-18 14:00:00",818,7999,7999,14.05,262,1572.09,0,0,0,0,6.2,"2016-09-18 13:54:00",2.496,287.1
"2016-09-18 15:00:00",819,7999,"INF",14.68,190.7,1144.058,0,0,0,0,7,"2016-09-18 14:07:00",3.023,286.2
"2016-09-18 16:00:00",820,7999,7999,15.22,143.9,863.6075,0,0,0,0,6.5,"2016-09-18 15:59:00",2.854,291.8
"2016-09-18 17:00:00",821,7999,7999,15.82,111.7,670.2414,0,0,0,0,7.3,"2016-09-18 16:58:00",4.679,275.2
"2016-09-18 18:00:00",822,7999,7999,15.9,40.67,244.0298,0,0,0,0,7.2,"2016-09-18 17:10:00",4.196,276.7
"2016-09-18 19:00:00",823,7999,"INF",15.73,26.21,157.2745,0,0,0,0,6.6,"2016-09-18 18:48:00",3.627,277.1
"2016-09-18 20:00:00",824,7999,"INF",15.38,4.09,24.5389,0,0,0,0,6.3,"2016-09-18 19:11:00",2.989,285.2
"2016-09-18 21:00:00",825,7999,"INF",14.8,0,0,0,0,0,0,7.3,"2016-09-18 20:56:00",3.258,284.7
"2016-09-18 22:00:00",826,7999,7999,14.46,0,0,0,0,0,0,7.4,"2016-09-18 22:00:00",2.422,293.2
"2016-09-18 23:00:00",827,7999,7999,14.21,0,0,0,0,0,0,7.4,"2016-09-18 22:00:10",3.178,284
"2016-09-19 00:00:00",828,7999,7999,14.4,0,0,0,0,0,0,6.8,"2016-09-18 23:17:00",2.526,297.4
"2016-09-19 01:00:00",829,7999,7999,14.32,0,0,0,0,0,0,5.4,"2016-09-19 00:08:00",1.88,317.2
"2016-09-19 02:00:00",830,7999,"INF",14.46,0,0.002502287,0,0,0,0,5.2,"2016-09-19 01:08:00",1.749,317.1
"2016-09-19 03:00:00",831,7999,7999,14.51,0,0,0,0,0,0,5.6,"2016-09-19 02:46:00",1.905,319.8
"2016-09-19 04:00:00",832,7999,7999,14.57,0,0,0,0,0,0,4.3,"2016-09-19 03:10:00",1.509,315.3
"2016-09-19 05:00:00",833,7999,7999,14.65,0,0,0,0,0,0,4.5,"2016-09-19 04:17:00",1.608,305.4
"2016-09-19 06:00:00",834,7999,7999,14.66,0,0,0,0,0,0,4.4,"2016-09-19 05:11:00",1.658,303.4
"2016-09-19 07:00:00",835,7999,"INF",14.09,0,0,0,0,0,0,3.1,"2016-09-19 06:57:00",1.648,349.6
"2016-09-19 08:00:00",836,7999,7999,13.88,8.01,48.05026,0,0,0,0,2.9,"2016-09-19 07:01:00",1.403,13.13
"2016-09-19 09:00:00",837,7999,"INF",14.24,76.32,457.9496,0,0,0,0,3.7,"2016-09-19 08:29:00",1.58,359.7
"2016-09-19 10:00:00",838,7999,"INF",15.35,183.5,1100.717,0,0,0,0,3.1,"2016-09-19 09:02:00",0.812,326.1
"2016-09-19 11:00:00",839,7999,"INF",15.87,415,2489.732,0,0,0,0,2.8,"2016-09-19 10:57:00",1.46,258.2
"2016-09-19 12:00:00",840,7999,7999,16.2,416.2,2497.159,0,0,0,0,3.7,"2016-09-19 11:20:00",1.801,266.7
"2016-09-19 13:00:00",841,7999,7999,17,561.6,3369.62,0,0,0,0,2.4,"2016-09-19 12:45:00",1.365,217.7
"2016-09-19 14:00:00",842,7999,"INF",17.4,584.6,3507.42,0,0,0,0,3,"2016-09-19 13:23:00",1.808,199.5
"2016-09-19 15:00:00",843,7999,7999,17.96,453.9,2723.146,0,0,0,0,3,"2016-09-19 14:55:00",1.587,239.9
"2016-09-19 16:00:00",844,7999,7999,18.61,147.4,884.1242,0,0,0,0,3,"2016-09-19 15:03:00",2.238,231.9
"2016-09-19 17:00:00",845,7999,7999,19.17,107.1,642.3827,0,0,0,0,1.9,"2016-09-19 16:56:00",0.765,145.5
"2016-09-19 18:00:00",846,7999,"INF",19.4,147.2,883.1108,0,0,0,0,5.8,"2016-09-19 17:27:00",1.447,24.06
"2016-09-19 19:00:00",847,7999,7999,18.44,50.92,305.5369,0,0,0,0,5.4,"2016-09-19 18:47:00",2.379,64.72
"2016-09-19 20:00:00",848,7999,7999,17.15,11.93,71.5808,0,0,0,0,4.4,"2016-09-19 19:17:00",1.369,48.56
"2016-09-19 21:00:00",849,7999,"INF",16.31,0,0,0,0,0,0,4.2,"2016-09-19 20:10:00",1.416,39.83
"2016-09-19 22:00:00",850,7999,7999,15.4,0,0,0,0,0,0,3.4,"2016-09-19 21:31:00",1.131,45.93
"2016-09-19 23:00:00",851,7999,"INF",15.02,0,0,0,0,0,0,3.1,"2016-09-19 22:16:00",1.339,54.74
"2016-09-20 00:00:00",852,7999,"INF",14.81,0,0,0,0,0,0,3.1,"2016-09-19 23:50:00",1.276,70.52
"2016-09-20 01:00:00",853,7999,"INF",14.57,0,0,0,0,0,0,4,"2016-09-20 00:49:00",1.52,65.08
"2016-09-20 02:00:00",854,7999,7999,14.69,0,0,0,0,0,0,4.3,"2016-09-20 01:59:00",1.375,86.6
"2016-09-20 03:00:00",855,7999,"INF",14.64,0,0,0,0,0,0,4.1,"2016-09-20 02:20:00",1.848,58.39
"2016-09-20 04:00:00",856,7999,7999,14.62,0,0,0,0,0,0,3.5,"2016-09-20 03:17:00",1.498,69.41
"2016-09-20 05:00:00",857,7999,"INF",14.24,0,0,0,0,0,0,1.9,"2016-09-20 04:02:00",0.796,69.34
"2016-09-20 06:00:00",858,7999,7999,14.03,0,0,0,0,0,0,1.8,"2016-09-20 05:21:00",0.639,79.56
"2016-09-20 07:00:00",859,7999,7999,13.74,0,0,0,0,0,0,2.2,"2016-09-20 06:50:00",0.697,41.54
"2016-09-20 08:00:00",860,7999,"INF",13.58,6.633,39.79722,0,0,0,0,3.7,"2016-09-20 07:44:00",2.037,72.88
"2016-09-20 09:00:00",861,7999,"INF",13.55,111.5,668.8201,0,0,0,0,5.3,"2016-09-20 09:00:00",2.087,72.76
"2016-09-20 10:00:00",862,7999,"INF",14.81,290.4,1742.275,0,0,0,0,8.8,"2016-09-20 09:51:00",3.328,71.36
"2016-09-20 11:00:00",863,7999,7999,15.55,458.5,2750.83,0,0,0,0,6.4,"2016-09-20 10:52:00",2.865,80.3
"2016-09-20 12:00:00",864,7999,7999,16.18,573.6,3441.329,0,0,0,0,8.5,"2016-09-20 11:35:00",3.696,79.99
"2016-09-20 13:00:00",865,7999,7999,16.93,591.9,3551.385,0,0,0,0,7.1,"2016-09-20 12:44:00",3.076,94.1
"2016-09-20 14:00:00",866,7999,7999,17.2,402.6,2415.641,0,0,0,0,6.7,"2016-09-20 13:52:00",2.939,68.09
"2016-09-20 15:00:00",867,7999,"INF",17.81,401.2,2407.092,0,0,0,0,6.8,"2016-09-20 14:25:00",2.909,73.16
"2016-09-20 16:00:00",868,7999,"INF",18.39,340.4,2042.373,0,0,0,0,6.8,"2016-09-20 15:23:00",2.765,84.7
"2016-09-20 17:00:00",869,7999,7999,18.57,380.9,2285.547,0,0,0,0,5.8,"2016-09-20 16:32:00",2.887,79.2
"2016-09-20 18:00:00",870,7999,7999,18.19,109.2,655.0282,0,0,0,0,5.2,"2016-09-20 17:08:00",2.122,64.73
"2016-09-20 19:00:00",871,7999,7999,17.04,23.96,143.7626,0,0,0,0,4.2,"2016-09-20 18:11:00",1.3,36.66
"2016-09-20 20:00:00",872,7999,7999,16.44,3.237,19.42246,0,0,0,0,3.4,"2016-09-20 19:06:00",1.071,38.71
"2016-09-20 21:00:00",873,7999,7999,16.01,0,0,0,0,0,0,2.4,"2016-09-20 20:11:00",0.83,47.76
"2016-09-20 22:00:00",874,7999,"INF",15.54,0,0,0,0,0,0,3.3,"2016-09-20 21:45:00",0.925,45.15
"2016-09-20 23:00:00",875,7999,7999,15.39,0,0,0,0,0,0,5.4,"2016-09-20 22:59:00",1.969,59.22
"2016-09-21 00:00:00",876,7999,7999,15.18,0,0,0,0,0,0,6.3,"2016-09-20 23:38:00",2.477,52.67
"2016-09-21 01:00:00",877,7999,7999,14.84,0,0,0,0,0,0,6.8,"2016-09-21 00:55:00",3.167,67.63
"2016-09-21 02:00:00",878,7999,7999,14.44,0,0,0,0,0,0,6.6,"2016-09-21 01:11:00",2.998,71.63
"2016-09-21 03:00:00",879,7999,7999,14.2,0,0,0,0,0,0,5.3,"2016-09-21 02:43:00",2.164,65.22
"2016-09-21 04:00:00",880,7999,"INF",14.02,0,0,0,0,0,0,6.3,"2016-09-21 04:00:00",2.435,60.1
"2016-09-21 05:00:00",881,7999,7999,13.83,0,0,0,0,0,0,7,"2016-09-21 04:20:00",2.931,63.5
"2016-09-21 06:00:00",882,7999,7999,13.59,0,0,0,0,0,0,6.4,"2016-09-21 05:11:00",2.358,57.19
"2016-09-21 07:00:00",883,7999,7999,13.39,0,0,0,0,0,0,6.5,"2016-09-21 06:30:00",2.46,47.56
"2016-09-21 08:00:00",884,7999,7999,13.22,9.66,57.97956,0,0,0,0,6.7,"2016-09-21 07:56:00",2.6,41.96
"2016-09-21 09:00:00",885,7999,"INF",13.27,133.3,799.9334,0,0,0,0,7.7,"2016-09-21 08:49:00",2.977,47.45
"2016-09-21 10:00:00",886,7999,"INF",13.6,233.4,1400.224,0,0,0,0,7.4,"2016-09-21 09:26:00",3.196,50.72
"2016-09-21 11:00:00",887,7999,7999,14.38,389.8,2338.803,0,0,0,0,8.8,"2016-09-21 10:44:00",3.383,55.88
"2016-09-21 12:00:00",888,7999,7999,15.22,434.8,2608.672,0,0,0,0,7.2,"2016-09-21 11:02:00",3.151,60.74
"2016-09-21 13:00:00",889,7999,"INF",16.19,575.2,3451.1,0,0,0,0,6.1,"2016-09-21 12:40:00",2.394,60.19
"2016-09-21 14:00:00",890,7999,7999,16.74,628.5,3771.234,0,0,0,0,7.1,"2016-09-21 13:30:00",2.935,71.09
"2016-09-21 15:00:00",891,7999,7999,17.37,405.9,2435.614,0,0,0,0,7.8,"2016-09-21 14:15:00",3.248,82.4
"2016-09-21 16:00:00",892,7999,"INF",17.59,247.7,1486.46,0,0,0,0,6.1,"2016-09-21 15:04:00",3.225,93.4
"2016-09-21 17:00:00",893,7999,"INF",18.06,333.2,1999.433,0,0,0,0,6.8,"2016-09-21 16:11:00",3.096,94
"2016-09-21 18:00:00",894,7999,"INF",18.03,173.7,1042.048,0,0,0,0,6.1,"2016-09-21 17:57:00",3.041,93.1
"2016-09-21 19:00:00",895,7999,7999,17.34,36.89,221.3534,0,0,0,0,6.4,"2016-09-21 18:06:00",2.219,70.08
"2016-09-21 20:00:00",896,7999,7999,16.01,3.859,23.15588,0,0,0,0,3.8,"2016-09-21 19:01:00",1.077,50.79
"2016-09-21 21:00:00",897,7999,7999,14.99,0,0,0,0,0,0,2.2,"2016-09-21 20:42:00",0.985,43.43
"2016-09-21 22:00:00",898,7999,"INF",14.59,0,0,0,0,0,0,3,"2016-09-21 21:04:00",1.171,42.61
"2016-09-21 23:00:00",899,7999,"INF",14.13,0,0,0,0,0,0,2.4,"2016-09-21 22:24:00",1.101,55.38
"2016-09-22 00:00:00",900,7999,7999,14,0,0,0,0,0,0,3.4,"2016-09-21 23:07:00",1,59.77
"2016-09-22 01:00:00",901,7999,7999,13.61,0,0,0,0,0,0,2.8,"2016-09-22 00:21:00",1.483,77.23
"2016-09-22 02:00:00",902,7999,7999,13.23,0,0,0,0,0,0,2.1,"2016-09-22 01:48:00",0.839,56.94
"2016-09-22 03:00:00",903,7999,7999,13,0,0,0,0,0,0,2.2,"2016-09-22 02:24:00",0.792,53.24
"2016-09-22 04:00:00",904,7999,"INF",12.83,0,0,0,0,0,0,2.6,"2016-09-22 03:10:00",0.829,59.76
"2016-09-22 05:00:00",905,7999,7999,12.39,0,0,0,0,0,0,2.1,"2016-09-22 04:43:00",0.828,49.89
"2016-09-22 06:00:00",906,7999,7999,11.99,0,0,0,0,0,0,2,"2016-09-22 05:29:00",0.867,45.66
"2016-09-22 07:00:00",907,7999,"INF",11.59,0,0,0,0,0,0,2.7,"2016-09-22 06:41:00",1.039,35.59
"2016-09-22 08:00:00",908,7999,"INF",11.55,12.15,72.90519,0,0,0,0,2.5,"2016-09-22 07:38:00",1.031,34.97
"2016-09-22 09:00:00",909,7999,"INF",12.78,135.5,812.9452,0,0,0,0,3,"2016-09-22 08:41:00",1.217,15.14
"2016-09-22 10:00:00",910,7999,"INF",14.22,313.7,1882.251,0,0,0,0,3.6,"2016-09-22 09:45:00",1.032,331.1
"2016-09-22 11:00:00",911,7999,"INF",14.7,438.1,2628.592,0,0,0,0,2.6,"2016-09-22 10:06:00",1.059,257.4
"2016-09-22 12:00:00",912,7999,"INF",15.04,593.9,3563.258,0,0,0,0,3.3,"2016-09-22 11:17:00",1.788,242.3
"2016-09-22 13:00:00",913,7999,"INF",15.54,659.6,3957.413,0,0,0,0,2.8,"2016-09-22 12:47:00",1.529,218.5
"2016-09-22 14:00:00",914,7999,"INF",16.05,668.6,4011.801,0,0,0,0,2.9,"2016-09-22 13:38:00",1.798,214.3
"2016-09-22 15:00:00",915,7999,7999,16.87,453.3,2719.79,0,0,0,0,2.4,"2016-09-22 14:00:10",1.32,214.6
"2016-09-22 16:00:00",916,7999,"INF",17.59,221.9,1331.66,0,0,0,0,2.1,"2016-09-22 15:48:00",1.393,248.8
"2016-09-22 17:00:00",917,7999,7999,18.17,316.2,1896.965,0,0,0,0,2.5,"2016-09-22 16:12:00",1.231,267.3
"2016-09-22 18:00:00",918,7999,7999,18.45,141.9,851.2393,0,0,0,0,1.8,"2016-09-22 17:02:00",0.982,317.3
"2016-09-22 19:00:00",919,7999,"INF",19.28,55.83,334.9509,0,0,0,0,1.1,"2016-09-22 18:02:00",0.459,324.3
"2016-09-22 20:00:00",920,7999,"INF",17.86,5.375,32.25055,0,0,0,0,2.1,"2016-09-22 19:54:00",1.129,14.11
"2016-09-22 21:00:00",921,7999,7999,15.63,0,0,0,0,0,0,1.8,"2016-09-22 20:09:00",0.941,47.25
"2016-09-22 22:00:00",922,7999,7999,14.76,0,0,0,0,0,0,1.7,"2016-09-22 21:48:00",0.668,44.84
"2016-09-22 23:00:00",923,7999,7999,14.45,0,0,0,0,0,0,2.3,"2016-09-22 22:57:00",0.736,41.64
"2016-09-23 00:00:00",924,7999,"INF",14.4,0,0,0,0,0,0,2.7,"2016-09-23 00:00:00",1.714,26.91
"2016-09-23 01:00:00",925,7999,"INF",13.54,0,0,0,0,0,0,3,"2016-09-23 00:01:00",2.097,38.13
"2016-09-23 02:00:00",926,7999,"INF",12.63,0,0,0,0,0,0,3,"2016-09-23 01:58:00",2.344,39.41
"2016-09-23 03:00:00",927,7999,"INF",12.14,0,0,0,0,0,0,3,"2016-09-23 02:34:00",1.977,39.78
"2016-09-23 04:00:00",928,7999,7999,11.96,0,0,0,0,0,0,2.8,"2016-09-23 03:03:00",2.179,40.93
"2016-09-23 05:00:00",929,7999,7999,12.01,0,0,0,0,0,0,2.8,"2016-09-23 04:20:00",2.059,42.48
"2016-09-23 06:00:00",930,7999,"INF",11.81,0,0,0,0,0,0,2.8,"2016-09-23 05:08:00",1.624,44.07
"2016-09-23 07:00:00",931,7999,"INF",11.97,0,0,0,0,0,0,2.4,"2016-09-23 06:50:00",1.423,42.93
"2016-09-23 08:00:00",932,7999,7999,12.23,7.086,42.5135,0,0,0,0,2.8,"2016-09-23 07:54:00",2.069,37.76
"2016-09-23 09:00:00",933,7999,7999,12.86,60.71,364.2353,0,0,0,0,2.4,"2016-09-23 08:00:10",1.423,44.22
"2016-09-23 10:00:00",934,7999,7999,14.31,144.4,866.2318,0,0,0,0,1.7,"2016-09-23 09:26:00",0.939,45.61
"2016-09-23 11:00:00",935,7999,7999,15.85,423.9,2543.617,0,0,0,0,2,"2016-09-23 10:23:00",0.846,266.9
"2016-09-23 12:00:00",936,7999,"INF",16.3,572.9,3437.193,0,0,0,0,2.2,"2016-09-23 11:43:00",1.106,216.3
"2016-09-23 13:00:00",937,7999,7999,16.86,539.8,3239.073,0,0,0,0,2.8,"2016-09-23 12:58:00",1.644,166.6
"2016-09-23 14:00:00",938,7999,7999,17.39,594.9,3569.465,0,0,0,0,2.8,"2016-09-23 13:03:00",2.153,163.4
"2016-09-23 15:00:00",939,7999,7999,18.24,412.1,2472.797,0,0,0,0,2.5,"2016-09-23 14:00:10",1.508,183
"2016-09-23 16:00:00",940,7999,"INF",18.91,188.4,1130.3,0,0,0,0,1.9,"2016-09-23 15:25:00",1.145,153
"2016-09-23 17:00:00",941,7999,7999,19.44,133.2,799.372,0,0,0,0,1.5,"2016-09-23 16:57:00",0.568,123.7
"2016-09-23 18:00:00",942,7999,7999,19.58,110.5,663.1802,0,0,0,0,1.6,"2016-09-23 17:14:00",0.744,102.3
"2016-09-23 19:00:00",943,7999,7999,19.67,44.97,269.8216,0,0,0,0,2.5,"2016-09-23 19:00:00",0.663,71.61
"2016-09-23 20:00:00",944,7999,"INF",18.23,3.029,18.17131,0,0,0,0,2.5,"2016-09-23 19:00:10",0.96,50.84
"2016-09-23 21:00:00",945,7999,7999,17.44,0,0,0,0,0,0,3.4,"2016-09-23 20:28:00",1.062,38.23
"2016-09-23 22:00:00",946,7999,"INF",17.28,0,0,0,0,0,0,3.2,"2016-09-23 21:02:00",1.116,49.71
"2016-09-23 23:00:00",947,7999,"INF",17.15,0,0,0,0,0,0,3.6,"2016-09-23 22:44:00",1.268,58.48
"2016-09-24 00:00:00",948,7999,"INF",16.68,0,0,0,0,0,0,4.5,"2016-09-23 23:31:00",1.645,51.53
"2016-09-24 01:00:00",949,7999,7999,16.37,0,0,0,0,0,0,4.6,"2016-09-24 00:24:00",1.847,49.6
"2016-09-24 02:00:00",950,7999,7999,16.01,0,0,0,0,0,0,4.5,"2016-09-24 01:13:00",1.748,55.37
"2016-09-24 03:00:00",951,7999,"INF",15.67,0,0,0,0,0,0,4.1,"2016-09-24 02:16:00",1.612,56.82
"2016-09-24 04:00:00",952,7999,7999,15.12,0,0,0,0,0,0,2.8,"2016-09-24 03:19:00",1.119,46.93
"2016-09-24 05:00:00",953,7999,"INF",14.41,0,0,0,0,0,0,2.3,"2016-09-24 04:48:00",1.054,40.37
"2016-09-24 06:00:00",954,7999,7999,13.48,0,0,0,0,0,0,2.2,"2016-09-24 05:04:00",0.899,33.36
"2016-09-24 07:00:00",955,7999,"INF",13.3,0,0,0,0,0,0,1.9,"2016-09-24 06:40:00",0.771,46.54
"2016-09-24 08:00:00",956,7999,7999,13.36,9.06,54.38479,0,0,0,0,2.5,"2016-09-24 07:10:00",1.024,45.22
"2016-09-24 09:00:00",957,7999,"INF",13.83,110,659.8008,0,0,0,0,2.9,"2016-09-24 08:53:00",1.029,36.23
"2016-09-24 10:00:00",958,7999,7999,15.04,225.8,1354.588,0,0,0,0,3.5,"2016-09-24 09:42:00",1.395,60.7
"2016-09-24 11:00:00",959,7999,7999,15.94,368.2,2209.251,0,0,0,0,3.9,"2016-09-24 10:35:00",1.836,87.6
"2016-09-24 12:00:00",960,7999,"INF",16.45,584,3503.973,0,0,0,0,3.5,"2016-09-24 11:59:00",2.287,165.4
"2016-09-24 13:00:00",961,7999,7999,16.53,650.1,3900.328,0,0,0,0,4.1,"2016-09-24 12:06:00",2.501,195.4
"2016-09-24 14:00:00",962,7999,"INF",17.4,658.1,3948.438,0,0,0,0,2.6,"2016-09-24 13:07:00",1.435,220
"2016-09-24 15:00:00",963,7999,7999,18.14,436.3,2617.607,0,0,0,0,2.5,"2016-09-24 14:38:00",1.354,232.1
"2016-09-24 16:00:00",964,7999,"INF",18.88,196,1175.871,0,0,0,0,1.8,"2016-09-24 15:12:00",0.899,261.6
"2016-09-24 17:00:00",965,7999,7999,19.54,322.9,1937.252,0,0,0,0,1.5,"2016-09-24 16:48:00",0.693,215.7
"2016-09-24 18:00:00",966,7999,7999,19.64,193,1157.875,0,0,0,0,1.5,"2016-09-24 17:55:00",0.607,180.6
"2016-09-24 19:00:00",967,7999,7999,19.2,30.65,183.8825,0,0,0,0,2.6,"2016-09-24 18:39:00",1.624,127.6
"2016-09-24 20:00:00",968,7999,7999,17.54,2.768,16.60908,0,0,0,0,2.1,"2016-09-24 19:00:10",1.009,48.19
"2016-09-24 21:00:00",969,7999,"INF",15.99,0,0,0,0,0,0,1.7,"2016-09-24 20:04:00",0.94,42.92
"2016-09-24 22:00:00",970,7999,7999,15.75,0,0,0,0,0,0,1.7,"2016-09-24 21:49:00",0.892,39.1
"2016-09-24 23:00:00",971,7999,"INF",15.33,0,0,0,0,0,0,1.9,"2016-09-24 22:10:00",0.904,35.63
"2016-09-25 00:00:00",972,7999,7999,15.53,0,0,0,0,0,0,2.3,"2016-09-24 23:34:00",1.33,13.29
"2016-09-25 01:00:00",973,7999,"INF",14.82,0,0,0,0,0,0,2.8,"2016-09-25 00:47:00",1.661,34.26
"2016-09-25 02:00:00",974,7999,"INF",13.91,0,0,0,0,0,0,2.7,"2016-09-25 01:59:00",2.148,38.8
"2016-09-25 03:00:00",975,7999,7999,13.36,0,0,0,0,0,0,2.8,"2016-09-25 02:38:00",2.133,40.38
"2016-09-25 04:00:00",976,7999,"INF",12.95,0,0,0,0,0,0,2.9,"2016-09-25 03:10:00",2.219,39.78
"2016-09-25 05:00:00",977,7999,"INF",12.56,0,0,0,0,0,0,2.5,"2016-09-25 04:02:00",1.303,45.85
"2016-09-25 06:00:00",978,7999,7999,12.57,0,0,0,0,0,0,1.9,"2016-09-25 05:06:00",1.034,47.32
"2016-09-25 07:00:00",979,7999,7999,12.25,0,0,0,0,0,0,2.7,"2016-09-25 06:54:00",1.54,41.89
"2016-09-25 08:00:00",980,7999,7999,12.04,11.66,69.97009,0,0,0,0,2.8,"2016-09-25 07:50:00",2.173,37.94
"2016-09-25 09:00:00",981,7999,"INF",12.93,116.2,697.4581,0,0,0,0,2.4,"2016-09-25 08:14:00",1.757,43.74
"2016-09-25 10:00:00",982,7999,"INF",15.23,289,1734.066,0,0,0,0,1.6,"2016-09-25 09:04:00",0.841,12.44
"2016-09-25 11:00:00",983,7999,7999,15.86,452.1,2712.517,0,0,0,0,2.5,"2016-09-25 10:21:00",1.211,261.5
"2016-09-25 12:00:00",984,7999,7999,16.37,574.6,3447.366,0,0,0,0,1.9,"2016-09-25 11:21:00",1.249,227.6
"2016-09-25 13:00:00",985,7999,"INF",16.88,652.3,3913.567,0,0,0,0,2.6,"2016-09-25 13:00:00",1.615,189.1
"2016-09-25 14:00:00",986,7999,7999,17.43,669.7,4018.12,0,0,0,0,2.7,"2016-09-25 13:04:00",1.556,148.8
"2016-09-25 15:00:00",987,7999,7999,18.02,436.1,2616.423,0,0,0,0,3.1,"2016-09-25 14:31:00",1.737,147.1
"2016-09-25 16:00:00",988,7999,7999,18.66,196.3,1177.592,0,0,0,0,3.7,"2016-09-25 15:53:00",2.594,137.1
"2016-09-25 17:00:00",989,7999,"INF",19.4,327.3,1963.814,0,0,0,0,4.7,"2016-09-25 16:35:00",3.302,125.9
"2016-09-25 18:00:00",990,7999,7999,20,201.7,1210.137,0,0,0,0,4,"2016-09-25 17:01:00",2.276,118.7
"2016-09-25 19:00:00",991,7999,7999,19.39,16.95,101.6841,0,0,0,0,3,"2016-09-25 18:08:00",1.233,82.5
"2016-09-25 20:00:00",992,7999,7999,18.23,0.641,3.848663,0,0,0,0,2.3,"2016-09-25 20:00:00",0.97,50.68
"2016-09-25 21:00:00",993,7999,7999,18.56,0,0,0,0,0,0,3.4,"2016-09-25 20:02:00",1.423,32.37
"2016-09-25 22:00:00",994,7999,"INF",17.41,0,0,0,0,0,0,3.1,"2016-09-25 21:52:00",1.349,47.82
"2016-09-25 23:00:00",995,7999,"INF",17.84,0,0,0,0,0,0,3.6,"2016-09-25 22:30:00",1.535,116.1
"2016-09-26 00:00:00",996,7999,7999,16.87,0,0,0,0,0,0,3.1,"2016-09-25 23:20:00",1.199,41.46
"2016-09-26 01:00:00",997,7999,7999,16.96,0,0,0,0,0,0,3.7,"2016-09-26 00:04:00",1.652,320.3
"2016-09-26 02:00:00",998,7999,7999,15.04,0,0,0,0,0,0,2.8,"2016-09-26 01:32:00",1.723,48.12
"2016-09-26 03:00:00",999,7999,7999,14.83,0,0,0,0,0,0,3,"2016-09-26 02:38:00",1.689,50.19
"2016-09-26 04:00:00",1000,7999,"INF",14.87,0,0,0,0,0,0,2.8,"2016-09-26 03:22:00",1.926,15.79
"2016-09-26 05:00:00",1001,7999,"INF",14.12,0,0,0,0,0,0,2.8,"2016-09-26 04:07:00",2.052,33.34
"2016-09-26 06:00:00",1002,7999,7999,13.71,0,0,0,0,0,0,3.3,"2016-09-26 05:55:00",2.219,30.13
"2016-09-26 07:00:00",1003,7999,7999,13.19,0,0,0,0,0,0,2.9,"2016-09-26 06:06:00",1.736,36.2
"2016-09-26 08:00:00",1004,7999,"INF",14.6,4.209,25.25318,0,0,0,0,2.3,"2016-09-26 07:29:00",1.209,38.89
"2016-09-26 09:00:00",1005,7999,7999,15.29,54.76,328.5434,0,0,0,0,3.5,"2016-09-26 08:59:00",1.148,339.6
"2016-09-26 10:00:00",1006,7999,7999,15.94,207,1242.008,0,0,0,0,3.3,"2016-09-26 09:03:00",1.433,294.1
"2016-09-26 11:00:00",1007,7999,7999,16.35,451.4,2708.2,0,0,0,0,3.6,"2016-09-26 10:39:00",2.162,259.9
"2016-09-26 12:00:00",1008,7999,7999,17.12,445.6,2673.56,0,0,0,0,4.4,"2016-09-26 11:58:00",2.141,249.5
"2016-09-26 13:00:00",1009,7999,"INF",17.43,619.8,3718.907,0,0,0,0,5.2,"2016-09-26 12:01:00",3.238,230
"2016-09-26 14:00:00",1010,7999,7999,18.09,652.7,3916.178,0,0,0,0,4.1,"2016-09-26 13:18:00",3,200.7
"2016-09-26 15:00:00",1011,7999,"INF",18.93,433.4,2600.193,0,0,0,0,2.9,"2016-09-26 14:41:00",1.944,237.5
"2016-09-26 16:00:00",1012,7999,"INF",19.34,191,1145.851,0,0,0,0,3,"2016-09-26 15:21:00",2.121,219.8
"2016-09-26 17:00:00",1013,7999,7999,19.91,226.3,1357.576,0,0,0,0,1.9,"2016-09-26 16:59:00",1.043,271.9
"2016-09-26 18:00:00",1014,7999,7999,19.68,112.7,675.9645,0,0,0,0,2.6,"2016-09-26 17:59:00",0.956,318.6
"2016-09-26 19:00:00",1015,7999,7999,19.5,35.26,211.5457,0,0,0,0,3.3,"2016-09-26 18:05:00",1.559,336.5
"2016-09-26 20:00:00",1016,7999,7999,19,1.174,7.041318,0,0,0,0,2.5,"2016-09-26 19:03:00",0.765,35.49
"2016-09-26 21:00:00",1017,7999,7999,18.16,0,0,0,0,0,0,1.2,"2016-09-26 21:00:00",0.472,56.33
"2016-09-26 22:00:00",1018,7999,7999,18.09,0,0,0,0,0,0,1.6,"2016-09-26 22:00:00",0.682,65.13
"2016-09-26 23:00:00",1019,7999,7999,18.99,0,0,0,0,0,0,4.1,"2016-09-26 23:00:00",1.498,252.5
"2016-09-27 00:00:00",1020,7999,"INF",18.26,0,0,0,0,0,0,6.2,"2016-09-26 23:39:00",4.528,267.4
"2016-09-27 01:00:00",1021,7999,7999,17.13,0,0,0,0,0,0,4.9,"2016-09-27 00:01:00",1.848,340.8
"2016-09-27 02:00:00",1022,7999,"INF",15.94,0,0,0,0,0,0,2.7,"2016-09-27 01:04:00",1.097,359.5
"2016-09-27 03:00:00",1023,7999,7999,15.3,0.004,0.02274814,0,0,0,0,2.7,"2016-09-27 02:12:00",1.541,26.85
"2016-09-27 04:00:00",1024,7999,"INF",16.41,0.014,0.08424401,0,0,0,0,4.3,"2016-09-27 03:52:00",1.298,307
"2016-09-27 05:00:00",1025,7999,7999,15.81,0,0,0,0,0,0,4,"2016-09-27 04:05:00",1.694,340.6
"2016-09-27 06:00:00",1026,7999,7999,15.49,0.001,0.007886022,0,0,0,0,2.5,"2016-09-27 05:38:00",1.296,19.94
"2016-09-27 07:00:00",1027,7999,7999,14.95,0,0,0,0,0,0,2.6,"2016-09-27 06:49:00",1.326,28.45
"2016-09-27 08:00:00",1028,7999,"INF",14.53,4.954,29.72448,0,0,0,0,2.4,"2016-09-27 07:04:00",1.23,38.67
"2016-09-27 09:00:00",1029,7999,7999,14.66,33.43,200.5869,0,0,0,0,2.3,"2016-09-27 08:16:00",1.36,41.94
"2016-09-27 10:00:00",1030,7999,7999,16.37,130.6,783.8526,0,0,0,0,1.5,"2016-09-27 09:13:00",0.63,65.41
"2016-09-27 11:00:00",1031,7999,7999,17.33,382.5,2295.113,0,0,0,0,2.1,"2016-09-27 10:18:00",1.128,160.4
"2016-09-27 12:00:00",1032,7999,7999,17.51,562.2,3373.242,0,0,0,0,2.4,"2016-09-27 11:47:00",1.477,217.4
"2016-09-27 13:00:00",1033,7999,7999,17.9,650,3900.095,0,0,0,0,3.3,"2016-09-27 12:16:00",2.186,206.1
"2016-09-27 14:00:00",1034,7999,"INF",18.65,654.5,3926.749,0,0,0,0,3.3,"2016-09-27 13:48:00",2.313,189.3
"2016-09-27 15:00:00",1035,7999,7999,19.18,447,2682.115,0,0,0,0,4.2,"2016-09-27 14:38:00",2.682,172.5
"2016-09-27 16:00:00",1036,7999,7999,19.67,240.2,1441.468,0,0,0,0,4.2,"2016-09-27 15:07:00",3.207,172
"2016-09-27 17:00:00",1037,7999,7999,20.15,234.4,1406.498,0,0,0,0,3.8,"2016-09-27 16:48:00",2.34,144.9
"2016-09-27 18:00:00",1038,7999,7999,21.15,176.7,1060.193,0,0,0,0,4.7,"2016-09-27 17:57:00",2.002,76.69
"2016-09-27 19:00:00",1039,7999,"INF",20.34,25.49,152.9452,0,0,0,0,4.9,"2016-09-27 18:12:00",1.496,47.66
"2016-09-27 20:00:00",1040,7999,7999,18.65,0.833,4.997113,0,0,0,0,2.5,"2016-09-27 19:39:00",0.969,41.85
"2016-09-27 21:00:00",1041,7999,7999,17.59,0,0,0,0,0,0,2.2,"2016-09-27 20:07:00",1.006,42.62
"2016-09-27 22:00:00",1042,7999,7999,17.11,0,0,0,0,0,0,2.4,"2016-09-27 21:34:00",1.198,42.17
"2016-09-27 23:00:00",1043,7999,7999,16.95,0,0,0,0,0,0,3.3,"2016-09-27 22:01:00",0.972,49.3
"2016-09-28 00:00:00",1044,7999,7999,16.59,0,0,0,0,0,0,2.3,"2016-09-27 23:49:00",0.913,50.31
"2016-09-28 01:00:00",1045,7999,7999,16.44,0,0,0,0,0,0,2.4,"2016-09-28 00:02:00",0.977,50.56
"2016-09-28 02:00:00",1046,7999,7999,15.92,0,0,0,0,0,0,1.7,"2016-09-28 01:51:00",0.634,23.59
"2016-09-28 03:00:00",1047,7999,7999,14.81,0,0,0,0,0,0,2.7,"2016-09-28 02:54:00",1.055,20.56
"2016-09-28 04:00:00",1048,7999,7999,14.02,0,0,0,0,0,0,2.6,"2016-09-28 03:11:00",1.548,27.57
"2016-09-28 05:00:00",1049,7999,7999,13.02,0,0,0,0,0,0,3.1,"2016-09-28 04:17:00",1.783,35.49
"2016-09-28 06:00:00",1050,7999,7999,12.42,0,0,0,0,0,0,2.8,"2016-09-28 05:07:00",1.844,36.43
"2016-09-28 07:00:00",1051,7999,7999,12.62,0,0,0,0,0,0,3.1,"2016-09-28 06:58:00",1.941,28.43
"2016-09-28 08:00:00",1052,7999,7999,12,10.61,63.6379,0,0,0,0,3,"2016-09-28 07:54:00",2.152,35.88
"2016-09-28 09:00:00",1053,7999,7999,12.44,83.9,503.5791,0,0,0,0,2.7,"2016-09-28 08:02:00",2.011,38.22
"2016-09-28 10:00:00",1054,7999,7999,14.64,212.1,1272.716,0,0,0,0,2.2,"2016-09-28 09:51:00",0.897,347.9
"2016-09-28 11:00:00",1055,7999,7999,15.64,428.3,2569.664,0,0,0,0,2.6,"2016-09-28 10:48:00",1.25,275.2
"2016-09-28 12:00:00",1056,7999,7999,16.26,563.7,3382.244,0,0,0,0,2.3,"2016-09-28 11:51:00",1.425,236.6
"2016-09-28 13:00:00",1057,7999,7999,16.66,620.7,3723.906,0,0,0,0,2.2,"2016-09-28 12:36:00",1.528,191.9
"2016-09-28 14:00:00",1058,7999,7999,17.15,646.9,3881.198,0,0,0,0,2.1,"2016-09-28 13:58:00",1.343,171.7
"2016-09-28 15:00:00",1059,7999,"INF",17.7,409.2,2454.983,0,0,0,0,2.8,"2016-09-28 14:45:00",1.92,148
"2016-09-28 16:00:00",1060,7999,7999,18.26,200.5,1202.758,0,0,0,0,3.2,"2016-09-28 15:35:00",2.492,133.7
"2016-09-28 17:00:00",1061,7999,7999,18.8,254.6,1527.434,0,0,0,0,3.5,"2016-09-28 16:49:00",2.837,129.4
"2016-09-28 18:00:00",1062,7999,7999,19.5,181.3,1088.012,0,0,0,0,3.7,"2016-09-28 17:12:00",2.848,129.4
"2016-09-28 19:00:00",1063,7999,7999,19.44,32.39,194.365,0,0,0,0,3.6,"2016-09-28 18:07:00",2.624,129.6
"2016-09-28 20:00:00",1064,7999,7999,17.82,2.144,12.86592,0,0,0,0,1.8,"2016-09-28 19:09:00",1.007,37.94
"2016-09-28 21:00:00",1065,7999,"INF",16.55,0,0,0,0,0,0,1.5,"2016-09-28 20:10:00",0.827,44.7
"2016-09-28 22:00:00",1066,7999,"INF",16.09,0,0,0,0,0,0,2.3,"2016-09-28 21:32:00",0.97,44.3
"2016-09-28 23:00:00",1067,7999,"INF",15.54,0,0,0,0,0,0,2.5,"2016-09-28 22:17:00",1.389,45.25
"2016-09-29 00:00:00",1068,7999,7999,15.15,0,0,0,0,0,0,2.6,"2016-09-28 23:03:00",1.625,44.92
"2016-09-29 01:00:00",1069,7999,"INF",14.57,0,0,0,0,0,0,2.8,"2016-09-29 00:07:00",2.315,37.83
"2016-09-29 02:00:00",1070,7999,7999,13.77,0,0,0,0,0,0,2.9,"2016-09-29 01:59:00",2.205,40.89
"2016-09-29 03:00:00",1071,7999,7999,14.02,0,0,0,0,0,0,3.2,"2016-09-29 02:58:00",1.912,23.42
"2016-09-29 04:00:00",1072,7999,7999,13.65,0,0,0,0,0,0,3.5,"2016-09-29 03:01:00",1.902,24.23
"2016-09-29 05:00:00",1073,7999,7999,13.71,0,0,0,0,0,0,2.8,"2016-09-29 04:14:00",1.579,8.88
"2016-09-29 06:00:00",1074,7999,7999,13.38,0,0,0,0,0,0,2.8,"2016-09-29 05:38:00",1.875,28.78
"2016-09-29 07:00:00",1075,7999,7999,13.05,0,0,0,0,0,0,2.7,"2016-09-29 06:36:00",1.426,28.2
"2016-09-29 08:00:00",1076,7999,"INF",12.73,10.22,61.34877,0,0,0,0,2.9,"2016-09-29 07:48:00",1.603,25.75
"2016-09-29 09:00:00",1077,7999,"INF",13.69,135.8,814.5796,0,0,0,0,2.9,"2016-09-29 08:17:00",0.98,346.5
"2016-09-29 10:00:00",1078,7999,"INF",15.31,307.7,1846.265,0,0,0,0,4.3,"2016-09-29 09:55:00",2.739,262.7
"2016-09-29 11:00:00",1079,7999,7999,15.74,463.6,2781.595,0,0,0,0,4.5,"2016-09-29 10:45:00",3.097,254
"2016-09-29 12:00:00",1080,7999,7999,16.9,576.7,3460.197,0,0,0,0,5.1,"2016-09-29 11:05:00",3.766,247.5
"2016-09-29 13:00:00",1081,7999,"INF",17.28,626.8,3760.608,0,0,0,0,3.2,"2016-09-29 12:00:10",2.087,210.2
"2016-09-29 14:00:00",1082,7999,7999,18.09,647.5,3885.144,0,0,0,0,2.8,"2016-09-29 13:54:00",1.839,171.1
"2016-09-29 15:00:00",1083,7999,"INF",18.47,402.5,2414.814,0,0,0,0,3.1,"2016-09-29 14:20:00",2.382,139.1
"2016-09-29 16:00:00",1084,7999,7999,19.41,194.1,1164.709,0,0,0,0,4.2,"2016-09-29 15:37:00",2.714,138.5
"2016-09-29 17:00:00",1085,7999,7999,22.68,258.5,1551.002,0,0,0,0,8.4,"2016-09-29 16:36:00",5.927,255.7
"2016-09-29 18:00:00",1086,7999,7999,22.69,202.5,1214.914,0,0,0,0,8.6,"2016-09-29 17:55:00",6.102,260.6
"2016-09-29 19:00:00",1087,7999,7999,22.24,20.71,124.2514,0,0,0,0,8.1,"2016-09-29 18:01:00",5.851,262.3
"2016-09-29 20:00:00",1088,7999,7999,21.53,1.062,6.369713,0,0,0,0,7.4,"2016-09-29 19:29:00",3.525,294.7
"2016-09-29 21:00:00",1089,7999,7999,21.13,0,0,0,0,0,0,5.3,"2016-09-29 20:59:00",1.999,305.4
"2016-09-29 22:00:00",1090,7999,7999,20.38,0,0,0,0,0,0,6.7,"2016-09-29 21:04:00",4.741,267.5
"2016-09-29 23:00:00",1091,7999,7999,19.78,0,0,0,0,0,0,6.9,"2016-09-29 22:48:00",4.664,268.7
"2016-09-30 00:00:00",1092,7999,7999,19.2,0,0,0,0,0,0,7.2,"2016-09-29 23:46:00",3.845,284.9
"2016-09-30 01:00:00",1093,7999,"INF",18.82,0,0,0,0,0,0,7.4,"2016-09-30 00:02:00",3.019,279.9
"2016-09-30 02:00:00",1094,7999,7999,18.57,0,0,0,0,0,0,6.7,"2016-09-30 01:27:00",2.865,283
"2016-09-30 03:00:00",1095,7999,7999,18.1,0,0,0,0,0,0,6,"2016-09-30 02:08:00",1.785,322.6
"2016-09-30 04:00:00",1096,7999,7999,17.68,0,0,0,0,0,0,5.4,"2016-09-30 03:09:00",2.05,323.4
"2016-09-30 05:00:00",1097,7999,7999,16.76,0,0,0,0,0,0,5.7,"2016-09-30 04:07:00",2.576,335.7
"2016-09-30 06:00:00",1098,7999,7999,16.12,0,0,0,0,0,0,5.8,"2016-09-30 05:23:00",2.313,314.1
"2016-09-30 07:00:00",1099,7999,"INF",16.38,0,0,0,0,0,0,7.1,"2016-09-30 06:21:00",3.045,292.1
"2016-09-30 08:00:00",1100,7999,7999,15.41,9.33,55.98008,0,0,0,0,5.9,"2016-09-30 07:02:00",1.961,332.7
"2016-09-30 09:00:00",1101,7999,7999,15.83,134.4,806.4382,0,0,0,0,5.9,"2016-09-30 08:41:00",2.05,316.3
"2016-09-30 10:00:00",1102,7999,7999,16,306.7,1840.409,0,0,0,0,6.8,"2016-09-30 09:49:00",2.191,303.9
"2016-09-30 11:00:00",1103,7999,7999,16.66,464.8,2788.958,0,0,0,0,7.6,"2016-09-30 10:44:00",4.25,280
"2016-09-30 12:00:00",1104,7999,"INF",17.47,581.7,3490.087,0,0,0,0,8,"2016-09-30 11:26:00",5.942,272.5
"2016-09-30 13:00:00",1105,7999,"INF",18.85,643.7,3862.426,0,0,0,0,7.9,"2016-09-30 12:20:00",5.825,261.7
"2016-09-30 14:00:00",1106,7999,7999,19.95,654.5,3927.064,0,0,0,0,7.8,"2016-09-30 13:52:00",5.278,265.3
"2016-09-30 15:00:00",1107,7999,7999,21.11,401.3,2407.911,0,0,0,0,7.5,"2016-09-30 14:06:00",5.605,267.4
"2016-09-30 16:00:00",1108,7999,7999,21.33,201.8,1210.533,0,0,0,0,7.4,"2016-09-30 15:54:00",5.305,263.2
"2016-09-30 17:00:00",1109,7999,7999,22.15,247.4,1484.567,0,0,0,0,7.5,"2016-09-30 16:09:00",6.003,262.1
"2016-09-30 18:00:00",1110,7999,7999,21.75,193.6,1161.377,0,0,0,0,6.3,"2016-09-30 17:05:00",4.117,262.8
"2016-09-30 19:00:00",1111,7999,7999,21.33,21.51,129.0334,0,0,0,0,5.2,"2016-09-30 18:01:00",2.777,269.9
"2016-09-30 20:00:00",1112,7999,7999,19.97,0.257,1.541187,0,0,0,0,3.9,"2016-09-30 19:06:00",1.465,90.1
"2016-09-30 21:00:00",1113,7999,"INF",17.91,0,0,0,0,0,0,2.4,"2016-09-30 20:04:00",1.48,44.86
"2016-09-30 22:00:00",1114,7999,7999,17.77,0,0,0,0,0,0,2.4,"2016-09-30 21:06:00",1.124,36.17
"2016-09-30 23:00:00",1115,7999,7999,18.12,0.001,0.005383739,0,0,0,0,3.4,"2016-09-30 22:43:00",1.189,336.6
