"TOA5","Buchillon","CR6","2688","CR6.Std.05.01","CPU:buchillon_v3_0.CR6","47638","WeatherSensor"
"TIMESTAMP","RECORD","WaterTemp35m_Avg","WaterTemp1m_Avg","AirTemp10m_Avg","SolarW","SolarWh_Tot","Rain_mm_Tot","AirTemp7m_Avg","RH_Avg","DewP_Avg","Gust_Max","Gust_TMx","Mean_Wind_Speed","Mean_Wind_Dir"
"TS","RN","Deg C","Deg C","Deg C","W/m^2","Wh/m^2","mm","Deg C","%","Deg C","m/s","m/s","m/s","Deg"
"","","Avg","Avg","Avg","Smp","Tot","Tot","Avg","Avg","Avg","Max","TMx","WVc","WVc"
"2016-12-01 10:00:00",143,9.29,9.29,0.251,80.7,161.4398,0,0.141,79.8,-2.303,3.2,"2016-12-01 10:00:00",1.253,73.69
"2016-12-01 11:00:00",144,9.73,9.73,0.997,175.6,1053.58,0,0.818,80.1,-2.269,4.1,"2016-12-01 10:04:00",2.517,61.43
"2016-12-01 12:00:00",145,9.72,9.72,2.743,279.2,1674.947,0,2.677,76.44,-1.099,3.4,"2016-12-01 11:24:00",1.907,68.35
"2016-12-01 13:00:00",146,9.74,9.74,4.052,341.4,2048.354,0,3.976,74.3,-0.23,4.5,"2016-12-01 12:58:00",2.119,157.1
"2016-12-01 14:00:00",148,9.79,9.79,4.622,132.3,612.8598,0,4.575,72.98,0.155,3.4,"2016-12-01 13:23:00",2.196,161.3
"2016-12-01 15:00:00",0,9.64,9.64,5.627,170.4,162.9364,0,5.521,75.61,1.823,2.3,"2016-12-01 14:57:00",1.03,236.8
"2016-12-01 16:00:00",1,9.78,9.77,5.538,59.74,359.2615,0,5.564,74.65,1.448,2.4,"2016-12-01 15:29:00",1.431,198
"2016-12-01 17:00:00",2,9.82,9.81,5.368,0,112.0447,0,5.2,77.19,1.479,2,"2016-12-01 16:00:10",0.948,323.1
"2016-12-01 18:00:00",3,9.66,9.66,3.14,0,0,0,2.686,85.6,0.702,1.6,"2016-12-01 17:39:00",1.25,40.35
"2016-12-01 19:00:00",0,9.55,9.55,1.754,0,0,0,1.42,85.6,-0.399,2,"2016-12-01 18:49:00",1.359,39.35
"2016-12-01 20:00:00",1,9.75,9.75,1.636,0,0,0,1.193,84.5,-1.201,2,"2016-12-01 19:37:00",1.024,52.47
"2016-12-01 21:00:00",2,9.68,9.68,1.15,0,0,0,0.633,83.6,-1.882,2.2,"2016-12-01 20:30:00",1.403,44.07
"2016-12-01 22:00:00",3,9.66,9.66,1.569,0,0,0,0.853,80.7,-2.148,2.2,"2016-12-01 21:02:00",1.537,38.47
"2016-12-01 23:00:00",4,9.66,9.65,1.408,0,0,0,0.515,79.92,-2.598,2.5,"2016-12-01 22:52:00",1.905,29.2
"2016-12-02 00:00:00",5,9.65,9.65,0.683,0,0,0,0.025,83.6,-2.461,2.5,"2016-12-01 23:26:00",2.068,33.14
"2016-12-02 01:00:00",6,9.6,9.6,0.522,0,0,0,-0.155,80.9,-3.09,2.4,"2016-12-02 00:21:00",2.049,32.51
"2016-12-02 03:00:00",7,9.61,9.61,0.334,0,0,0,-0.295,80.9,-3.217,2.5,"2016-12-02 02:26:00",2.088,32.97
"2016-12-02 04:00:00",8,9.64,9.64,0.584,0,0,0,-0.367,84.7,-2.669,2.5,"2016-12-02 03:45:00",1.951,24.2
"2016-12-02 05:00:00",9,9.63,9.63,0.571,0,0,0,-0.424,88,-2.216,2.5,"2016-12-02 04:39:00",1.812,25.11
"2016-12-02 06:00:00",10,9.61,9.61,-0.369,0,0,0,-0.896,88.3,-2.633,2.2,"2016-12-02 05:03:00",1.841,35.29
"2016-12-02 07:00:00",11,9.61,9.61,-0.582,0,0,0,-1.041,85.4,-3.226,2.6,"2016-12-02 06:50:00",2.036,35.77
"2016-12-02 08:00:00",12,9.65,9.64,-0.889,0,0,0,-1.17,87.7,-2.995,2.3,"2016-12-02 07:00:20",1.774,36.05
"2016-12-02 09:00:00",13,9.62,9.62,0.292,1.846,1.402924,0,0.147,92,-1.049,3.2,"2016-12-02 08:53:00",2.042,39.7
"2016-12-02 10:00:00",14,9.57,9.56,0.239,32.64,99.73171,0,0.194,92.4,-0.941,7.2,"2016-12-02 09:49:00",3.469,62.59
"2016-12-02 11:00:00",15,9.49,9.48,1.616,233,927.2155,0,1.525,83.9,-0.965,5.5,"2016-12-02 10:52:00",2.744,65.9
"2016-12-02 12:00:00",16,9.55,9.55,2.681,322,1632.796,0,2.661,74.76,-1.429,8.7,"2016-12-02 11:42:00",4.422,65.69
"2016-12-02 13:00:00",17,9.58,9.58,3.825,364.3,2022.909,0,3.794,65.19,-2.197,9,"2016-12-02 12:09:00",4.576,74.59
"2016-12-02 14:00:00",18,9.58,9.58,5.285,346.4,2102.136,0,5.235,56.79,-2.695,7.9,"2016-12-02 13:59:00",3.938,79.43
"2016-12-02 15:00:00",19,9.61,9.6,5.886,43.67,1067.799,0,5.881,56.71,-2.103,9,"2016-12-02 14:08:00",4.768,66.02
"2016-12-02 16:00:00",20,9.58,9.58,6.074,186.3,536.0624,0,6.056,58.05,-1.622,8.4,"2016-12-02 15:15:00",4.722,65.85
"2016-12-02 17:00:00",21,9.56,9.56,6.065,63.64,740.3015,0,6.03,60,-1.198,8,"2016-12-02 16:14:00",4.38,64.48
"2016-12-02 18:00:00",22,9.54,9.53,5.413,0,120.8793,0,5.336,65.24,-0.72,7.7,"2016-12-02 17:01:00",3.99,65.5
"2016-12-02 19:00:00",23,9.53,9.53,4.866,0,0,0,4.766,69.97,-0.293,6,"2016-12-02 19:00:00",2.787,85
"2016-12-02 20:00:00",24,9.46,9.46,4.748,0,0,0,4.654,68.97,-0.598,7.5,"2016-12-02 20:00:00",3.765,76.88
"2016-12-02 21:00:00",25,9.39,9.38,4.697,0,0,0,4.605,69.02,-0.637,9.7,"2016-12-02 20:40:00",4.726,73.1
"2016-12-02 22:00:00",26,9.3,9.29,4.542,0,0,0,4.457,71,-0.39,10.9,"2016-12-02 21:57:00",5.007,72.22
"2016-12-02 23:00:00",27,9.33,9.33,4.328,0,0,0,4.25,71.87,-0.422,9.4,"2016-12-02 22:06:00",4.689,75.21
"2016-12-03 00:00:00",28,9.45,9.45,4.247,0,0,0,4.166,73.57,-0.181,9,"2016-12-02 23:48:00",4.796,73.65
"2016-12-03 01:00:00",29,9.4,9.4,4.141,0,0,0,4.082,73.86,-0.208,8.4,"2016-12-03 00:20:00",4.245,79.66
"2016-12-03 02:00:00",30,9.34,9.34,3.864,0,0,0,3.803,75.15,-0.241,6.4,"2016-12-03 01:02:00",3.125,85.6
"2016-12-03 03:00:00",31,9.48,9.47,3.616,0,0,0,3.564,75.85,-0.344,6.5,"2016-12-03 02:03:00",2.874,90
"2016-12-03 04:00:00",32,9.5,9.5,3.03,0,0,0,2.953,79.15,-0.353,5.1,"2016-12-03 03:10:00",2.76,84.9
"2016-12-03 05:00:00",33,9.48,9.48,3.25,0,0,0,3.213,78.48,-0.216,5.9,"2016-12-03 04:54:00",3.065,89.9
"2016-12-03 06:00:00",34,9.49,9.48,3.433,0,0,0,3.402,76.15,-0.447,6.3,"2016-12-03 05:02:00",3.501,92
"2016-12-03 07:00:00",35,9.48,9.47,3.7,0,0,0,3.642,74.11,-0.588,8.6,"2016-12-03 06:42:00",3.915,78.47
"2016-12-03 08:00:00",36,9.34,9.37,3.765,0,0,0,3.749,74.22,-0.464,6,"2016-12-03 07:10:00",2.989,89.8
"2016-12-03 09:00:00",37,9.29,9.34,3.68,1.235,0.4296936,0,3.666,75.08,-0.385,5.5,"2016-12-03 08:22:00",2.711,94.7
"2016-12-03 10:00:00",38,9.35,9.46,3.702,27.82,69.69536,0,3.681,74.69,-0.442,5,"2016-12-03 09:14:00",2.411,84
"2016-12-03 11:00:00",39,9.27,9.41,3.954,54.71,235.3102,0,3.933,72.48,-0.611,4.5,"2016-12-03 10:59:00",2.377,78.47
"2016-12-03 12:00:00",40,9.29,9.42,4.37,77.16,466.7486,0,4.365,68.31,-1.01,6.9,"2016-12-03 11:46:00",2.778,91.6
"2016-12-03 13:00:00",41,9.34,9.48,4.639,111.3,604.2248,0,4.646,67.01,-1.003,5.1,"2016-12-03 12:58:00",2.457,88
"2016-12-03 14:00:00",42,9.35,9.49,4.585,104.5,634.8812,0,4.587,67.58,-0.941,4.3,"2016-12-03 13:09:00",1.812,149.2
"2016-12-03 15:00:00",43,9.36,9.5,4.684,87,530.4079,0,4.696,67.05,-0.945,2.7,"2016-12-03 14:20:00",1.146,166.1
"2016-12-03 16:00:00",44,9.36,9.49,4.809,48.11,373.2757,0,4.805,67.1,-0.832,2.9,"2016-12-03 15:52:00",1.192,130.8
"2016-12-03 17:00:00",45,9.36,9.49,4.792,33.26,269.1937,0,4.791,67.41,-0.783,3.4,"2016-12-03 16:59:00",1.803,74.6
"2016-12-03 18:00:00",46,9.34,9.48,4.58,0,67.50877,0,4.563,68.08,-0.864,3.5,"2016-12-03 17:16:00",1.729,81.8
"2016-12-03 19:00:00",47,9.33,9.46,4.218,0,0,0,4.163,69.65,-0.936,3.3,"2016-12-03 18:36:00",1.85,67.1
"2016-12-03 20:00:00",48,9.32,9.44,4.043,0,0,0,3.991,70.62,-0.911,4.1,"2016-12-03 19:45:00",1.922,55.1
"2016-12-03 21:00:00",49,9.33,9.46,3.874,0,0,0,3.805,71.44,-0.932,3.2,"2016-12-03 20:11:00",1.707,61.16
"2016-12-03 22:00:00",50,9.34,9.46,3.795,0,0,0,3.73,73.45,-0.628,3.2,"2016-12-03 21:48:00",1.903,67.63
"2016-12-03 23:00:00",51,9.33,9.45,3.73,0,0,0,3.689,76.15,-0.168,4,"2016-12-03 22:53:00",2.039,58.08
"2016-12-04 00:00:00",52,9.28,9.41,3.598,0,0,0,3.558,75.23,-0.462,3.5,"2016-12-03 23:14:00",2.007,53.18
"2016-12-04 01:00:00",53,9.23,9.35,3.497,0,0,0,3.456,75.4,-0.53,3.2,"2016-12-04 00:31:00",1.797,63.41
"2016-12-04 02:00:00",54,9.32,9.44,3.328,0,0,0,3.293,75.51,-0.668,2.4,"2016-12-04 01:25:00",1.451,73.07
"2016-12-04 03:00:00",55,9.32,9.44,3.188,0,0,0,3.178,76.09,-0.675,3.8,"2016-12-04 02:37:00",2.111,32.75
"2016-12-04 04:00:00",56,9.32,9.45,3.088,0,0,0,3.089,76.66,-0.658,4.5,"2016-12-04 03:32:00",2.35,40.27
"2016-12-04 05:00:00",57,9.33,9.45,2.835,0,0,0,2.826,77.24,-0.811,5.1,"2016-12-04 04:34:00",2.587,48.32
"2016-12-04 06:00:00",58,9.29,9.42,2.732,0,0,0,2.715,77.25,-0.916,5,"2016-12-04 05:43:00",2.678,55.41
"2016-12-04 07:00:00",59,9.26,9.38,2.694,0,0,0,2.677,77.38,-0.93,5.5,"2016-12-04 06:11:00",2.138,70.04
"2016-12-04 08:00:00",60,9.3,9.42,2.616,0,0,0,2.633,77.91,-0.879,2.9,"2016-12-04 07:52:00",1.486,88.4
"2016-12-04 09:00:00",61,9.31,9.44,2.396,1.135,0.4647908,0,2.384,78.41,-1.034,6.5,"2016-12-04 08:50:00",2.976,61.46
"2016-12-04 10:00:00",62,9.31,9.43,2.141,25.68,69.54742,0,2.137,79.74,-1.046,5,"2016-12-04 09:00:20",2.694,44.67
"2016-12-04 11:00:00",63,9.29,9.41,2.219,59.47,244.4188,0,2.232,79.8,-0.943,4.8,"2016-12-04 10:25:00",2.727,47.43
"2016-12-04 12:00:00",64,9.3,9.42,2.589,87.2,426.6273,0,2.623,79.37,-0.635,4.7,"2016-12-04 11:14:00",2.29,40.95
"2016-12-04 13:00:00",65,9.3,9.42,2.916,128.7,604.2565,0,2.963,78.4,-0.472,3.7,"2016-12-04 12:01:00",2.081,46.03
"2016-12-04 14:00:00",66,9.3,9.43,3.171,105.3,767.7256,0,3.199,77.15,-0.466,4,"2016-12-04 13:43:00",1.959,69.87
"2016-12-04 15:00:00",67,9.32,9.44,3.5,113.3,733.6477,0,3.518,76.48,-0.276,3.6,"2016-12-04 14:06:00",1.602,69.41
"2016-12-04 16:00:00",68,9.31,9.43,3.842,188,535.4722,0,3.83,76.96,0.114,3.3,"2016-12-04 15:19:00",1.978,158.8
"2016-12-04 17:00:00",69,9.31,9.43,4.436,49.57,665.4594,0,4.425,75.86,0.49,4.2,"2016-12-04 16:47:00",1.718,144.2
"2016-12-04 18:00:00",70,9.28,9.4,3.72,0,88.50138,0,3.685,78.7,0.274,5.4,"2016-12-04 17:37:00",2.903,74.25
"2016-12-04 19:00:00",71,9.26,9.37,2.413,0,0,0,2.323,84.3,-0.101,5.6,"2016-12-04 18:04:00",2.976,51.85
"2016-12-04 20:00:00",72,9.26,9.37,1.778,0,0,0,1.691,85.8,-0.483,4.9,"2016-12-04 19:03:00",2.656,46.55
"2016-12-04 21:00:00",73,9.28,9.39,1.364,0,0,0,1.295,87.3,-0.626,5.1,"2016-12-04 20:10:00",2.948,38.65
"2016-12-04 22:00:00",74,9.27,9.38,1.309,0,0,0,1.229,87.2,-0.708,5.2,"2016-12-04 21:08:00",2.209,37.39
"2016-12-04 23:00:00",75,9.26,9.38,1.145,0,0,0,0.872,87.2,-1.074,2.7,"2016-12-04 22:00:20",1.29,41.46
"2016-12-05 00:00:00",76,9.25,9.36,0.359,0,0,0,0.059,91,-1.29,1.9,"2016-12-04 23:08:00",0.982,46.52
"2016-12-05 01:00:00",77,9.24,9.35,1.107,0,0,0,0.801,87.5,-1.09,4.4,"2016-12-05 01:00:00",1.895,39.26
"2016-12-05 02:00:00",78,9.22,9.33,1.419,0,0,0,1.423,87.4,-0.485,4.4,"2016-12-05 01:00:20",2.327,28.75
"2016-12-05 03:00:00",79,9.21,9.33,1.298,0,0,0,1.319,88.1,-0.482,5.1,"2016-12-05 02:09:00",2.617,32.91
"2016-12-05 04:00:00",80,9.21,9.33,1.174,0,0,0,1.196,87.7,-0.665,4.9,"2016-12-05 03:02:00",2.575,31.83
"2016-12-05 05:00:00",81,9.19,9.3,1.031,0,0,0,1.044,88,-0.764,5.3,"2016-12-05 04:01:00",2.62,30.38
"2016-12-05 06:00:00",82,9.22,9.33,0.918,0,0,0,0.967,88.5,-0.76,4.2,"2016-12-05 05:25:00",2.421,22.03
"2016-12-05 07:00:00",83,9.2,9.31,0.661,0,0,0,0.705,89.9,-0.808,4.7,"2016-12-05 06:24:00",2.456,25.27
"2016-12-05 08:00:00",84,9.19,9.3,0.611,0,0,0,0.65,89.3,-0.952,4.3,"2016-12-05 07:14:00",2.173,28.09
"2016-12-05 09:00:00",85,9.18,9.29,0.753,1.021,0.5337096,0,0.803,88.8,-0.876,3.9,"2016-12-05 08:14:00",1.893,27.83
"2016-12-05 10:00:00",86,9.01,9.12,1.248,28.45,54.84753,0,1.28,87.4,-0.633,2.7,"2016-12-05 09:20:00",1.505,35.51
